sweep (current)	sweep (current)	id(m1a) (current)
3.800000e-05	3.800000e-05	3.808213e-05
3.801000e-05	3.801000e-05	3.808213e-05
3.802000e-05	3.802000e-05	3.808213e-05
3.803000e-05	3.803000e-05	3.812262e-05
3.804000e-05	3.804000e-05	3.816314e-05
3.805000e-05	3.805000e-05	3.814277e-05
3.806000e-05	3.806000e-05	3.812240e-05
3.807000e-05	3.807000e-05	3.816290e-05
3.808000e-05	3.808000e-05	3.820341e-05
3.809000e-05	3.809000e-05	3.818303e-05
3.810000e-05	3.810000e-05	3.816265e-05
3.811000e-05	3.811000e-05	3.820316e-05
3.812000e-05	3.812000e-05	3.824368e-05
3.813000e-05	3.813000e-05	3.822329e-05
3.814000e-05	3.814000e-05	3.820289e-05
3.815000e-05	3.815000e-05	3.824342e-05
3.816000e-05	3.816000e-05	3.828396e-05
3.817000e-05	3.817000e-05	3.826354e-05
3.818000e-05	3.818000e-05	3.824314e-05
3.819000e-05	3.819000e-05	3.828367e-05
3.820000e-05	3.820000e-05	3.832423e-05
3.821000e-05	3.821000e-05	3.830380e-05
3.822000e-05	3.822000e-05	3.828338e-05
3.823000e-05	3.823000e-05	3.832393e-05
3.824000e-05	3.824000e-05	3.836450e-05
3.825000e-05	3.825000e-05	3.834406e-05
3.826000e-05	3.826000e-05	3.832362e-05
3.827000e-05	3.827000e-05	3.836419e-05
3.828000e-05	3.828000e-05	3.840478e-05
3.829000e-05	3.829000e-05	3.838432e-05
3.830000e-05	3.830000e-05	3.836387e-05
3.831000e-05	3.831000e-05	3.840445e-05
3.832000e-05	3.832000e-05	3.844505e-05
3.833000e-05	3.833000e-05	3.842457e-05
3.834000e-05	3.834000e-05	3.840411e-05
3.835000e-05	3.835000e-05	3.844470e-05
3.836000e-05	3.836000e-05	3.848532e-05
3.837000e-05	3.837000e-05	3.846483e-05
3.838000e-05	3.838000e-05	3.844435e-05
3.839000e-05	3.839000e-05	3.848496e-05
3.840000e-05	3.840000e-05	3.852559e-05
3.841000e-05	3.841000e-05	3.850509e-05
3.842000e-05	3.842000e-05	3.848459e-05
3.843000e-05	3.843000e-05	3.852521e-05
3.844000e-05	3.844000e-05	3.856586e-05
3.845000e-05	3.845000e-05	3.854534e-05
3.846000e-05	3.846000e-05	3.852483e-05
3.847000e-05	3.847000e-05	3.856547e-05
3.848000e-05	3.848000e-05	3.860613e-05
3.849000e-05	3.849000e-05	3.858560e-05
3.850000e-05	3.850000e-05	3.856507e-05
3.851000e-05	3.851000e-05	3.860572e-05
3.852000e-05	3.852000e-05	3.864640e-05
3.853000e-05	3.853000e-05	3.862585e-05
3.854000e-05	3.854000e-05	3.860531e-05
3.855000e-05	3.855000e-05	3.864598e-05
3.856000e-05	3.856000e-05	3.868667e-05
3.857000e-05	3.857000e-05	3.866610e-05
3.858000e-05	3.858000e-05	3.864555e-05
3.859000e-05	3.859000e-05	3.868623e-05
3.860000e-05	3.860000e-05	3.872693e-05
3.861000e-05	3.861000e-05	3.870636e-05
3.862000e-05	3.862000e-05	3.868579e-05
3.863000e-05	3.863000e-05	3.872648e-05
3.864000e-05	3.864000e-05	3.876720e-05
3.865000e-05	3.865000e-05	3.874661e-05
3.866000e-05	3.866000e-05	3.872603e-05
3.867000e-05	3.867000e-05	3.876674e-05
3.868000e-05	3.868000e-05	3.880747e-05
3.869000e-05	3.869000e-05	3.878686e-05
3.870000e-05	3.870000e-05	3.876626e-05
3.871000e-05	3.871000e-05	3.880699e-05
3.872000e-05	3.872000e-05	3.884773e-05
3.873000e-05	3.873000e-05	3.882711e-05
3.874000e-05	3.874000e-05	3.880650e-05
3.875000e-05	3.875000e-05	3.884724e-05
3.876000e-05	3.876000e-05	3.888800e-05
3.877000e-05	3.877000e-05	3.886736e-05
3.878000e-05	3.878000e-05	3.884674e-05
3.879000e-05	3.879000e-05	3.888749e-05
3.880000e-05	3.880000e-05	3.892826e-05
3.881000e-05	3.881000e-05	3.890762e-05
3.882000e-05	3.882000e-05	3.888697e-05
3.883000e-05	3.883000e-05	3.892774e-05
3.884000e-05	3.884000e-05	3.896853e-05
3.885000e-05	3.885000e-05	3.894787e-05
3.886000e-05	3.886000e-05	3.892721e-05
3.887000e-05	3.887000e-05	3.896799e-05
3.888000e-05	3.888000e-05	3.900879e-05
3.889000e-05	3.889000e-05	3.898811e-05
3.890000e-05	3.890000e-05	3.896744e-05
3.891000e-05	3.891000e-05	3.900824e-05
3.892000e-05	3.892000e-05	3.904905e-05
3.893000e-05	3.893000e-05	3.902836e-05
3.894000e-05	3.894000e-05	3.900768e-05
3.895000e-05	3.895000e-05	3.904849e-05
3.896000e-05	3.896000e-05	3.908932e-05
3.897000e-05	3.897000e-05	3.906861e-05
3.898000e-05	3.898000e-05	3.904791e-05
3.899000e-05	3.899000e-05	3.908873e-05
3.900000e-05	3.900000e-05	3.912958e-05
3.901000e-05	3.901000e-05	3.910886e-05
3.902000e-05	3.902000e-05	3.908814e-05
3.903000e-05	3.903000e-05	3.912898e-05
3.904000e-05	3.904000e-05	3.916984e-05
3.905000e-05	3.905000e-05	3.914911e-05
3.906000e-05	3.906000e-05	3.912837e-05
3.907000e-05	3.907000e-05	3.916923e-05
3.908000e-05	3.908000e-05	3.921010e-05
3.909000e-05	3.909000e-05	3.918935e-05
3.910000e-05	3.910000e-05	3.916861e-05
3.911000e-05	3.911000e-05	3.920947e-05
3.912000e-05	3.912000e-05	3.925036e-05
3.913000e-05	3.913000e-05	3.922960e-05
3.914000e-05	3.914000e-05	3.920884e-05
3.915000e-05	3.915000e-05	3.924972e-05
3.916000e-05	3.916000e-05	3.929062e-05
3.917000e-05	3.917000e-05	3.926984e-05
3.918000e-05	3.918000e-05	3.924907e-05
3.919000e-05	3.919000e-05	3.928996e-05
3.920000e-05	3.920000e-05	3.933088e-05
3.921000e-05	3.921000e-05	3.931009e-05
3.922000e-05	3.922000e-05	3.928930e-05
3.923000e-05	3.923000e-05	3.933021e-05
3.924000e-05	3.924000e-05	3.937114e-05
3.925000e-05	3.925000e-05	3.935033e-05
3.926000e-05	3.926000e-05	3.932953e-05
3.927000e-05	3.927000e-05	3.937045e-05
3.928000e-05	3.928000e-05	3.941140e-05
3.929000e-05	3.929000e-05	3.939057e-05
3.930000e-05	3.930000e-05	3.936976e-05
3.931000e-05	3.931000e-05	3.941070e-05
3.932000e-05	3.932000e-05	3.945165e-05
3.933000e-05	3.933000e-05	3.943082e-05
3.934000e-05	3.934000e-05	3.940998e-05
3.935000e-05	3.935000e-05	3.945094e-05
3.936000e-05	3.936000e-05	3.949191e-05
3.937000e-05	3.937000e-05	3.947106e-05
3.938000e-05	3.938000e-05	3.945021e-05
3.939000e-05	3.939000e-05	3.949118e-05
3.940000e-05	3.940000e-05	3.953217e-05
3.941000e-05	3.941000e-05	3.951130e-05
3.942000e-05	3.942000e-05	3.949044e-05
3.943000e-05	3.943000e-05	3.953142e-05
3.944000e-05	3.944000e-05	3.957242e-05
3.945000e-05	3.945000e-05	3.955154e-05
3.946000e-05	3.946000e-05	3.953067e-05
3.947000e-05	3.947000e-05	3.957166e-05
3.948000e-05	3.948000e-05	3.961268e-05
3.949000e-05	3.949000e-05	3.959178e-05
3.950000e-05	3.950000e-05	3.957089e-05
3.951000e-05	3.951000e-05	3.961190e-05
3.952000e-05	3.952000e-05	3.965293e-05
3.953000e-05	3.953000e-05	3.963202e-05
3.954000e-05	3.954000e-05	3.961112e-05
3.955000e-05	3.955000e-05	3.965214e-05
3.956000e-05	3.956000e-05	3.969318e-05
3.957000e-05	3.957000e-05	3.967226e-05
3.958000e-05	3.958000e-05	3.965134e-05
3.959000e-05	3.959000e-05	3.969238e-05
3.960000e-05	3.960000e-05	3.973344e-05
3.961000e-05	3.961000e-05	3.971250e-05
3.962000e-05	3.962000e-05	3.969156e-05
3.963000e-05	3.963000e-05	3.973262e-05
3.964000e-05	3.964000e-05	3.977369e-05
3.965000e-05	3.965000e-05	3.975274e-05
3.966000e-05	3.966000e-05	3.973179e-05
3.967000e-05	3.967000e-05	3.977285e-05
3.968000e-05	3.968000e-05	3.981394e-05
3.969000e-05	3.969000e-05	3.979297e-05
3.970000e-05	3.970000e-05	3.977201e-05
3.971000e-05	3.971000e-05	3.981309e-05
3.972000e-05	3.972000e-05	3.985419e-05
3.973000e-05	3.973000e-05	3.983321e-05
3.974000e-05	3.974000e-05	3.981223e-05
3.975000e-05	3.975000e-05	3.985333e-05
3.976000e-05	3.976000e-05	3.989444e-05
3.977000e-05	3.977000e-05	3.987344e-05
3.978000e-05	3.978000e-05	3.985245e-05
3.979000e-05	3.979000e-05	3.989356e-05
3.980000e-05	3.980000e-05	3.993469e-05
3.981000e-05	3.981000e-05	3.991368e-05
3.982000e-05	3.982000e-05	3.989267e-05
3.983000e-05	3.983000e-05	3.993380e-05
3.984000e-05	3.984000e-05	3.997494e-05
3.985000e-05	3.985000e-05	3.995391e-05
3.986000e-05	3.986000e-05	3.993289e-05
3.987000e-05	3.987000e-05	3.997403e-05
3.988000e-05	3.988000e-05	4.001519e-05
3.989000e-05	3.989000e-05	3.999415e-05
3.990000e-05	3.990000e-05	3.997311e-05
3.991000e-05	3.991000e-05	4.001426e-05
3.992000e-05	3.992000e-05	4.005543e-05
3.993000e-05	3.993000e-05	4.003438e-05
3.994000e-05	3.994000e-05	4.001333e-05
3.995000e-05	3.995000e-05	4.005450e-05
3.996000e-05	3.996000e-05	4.009568e-05
3.997000e-05	3.997000e-05	4.007461e-05
3.998000e-05	3.998000e-05	4.005355e-05
3.999000e-05	3.999000e-05	4.009473e-05
4.000000e-05	4.000000e-05	4.013593e-05
4.001000e-05	4.001000e-05	4.011484e-05
4.002000e-05	4.002000e-05	4.009377e-05
4.003000e-05	4.003000e-05	4.013496e-05
4.004000e-05	4.004000e-05	4.017617e-05
4.005000e-05	4.005000e-05	4.015508e-05
4.006000e-05	4.006000e-05	4.013398e-05
4.007000e-05	4.007000e-05	4.017519e-05
4.008000e-05	4.008000e-05	4.021642e-05
4.009000e-05	4.009000e-05	4.019531e-05
4.010000e-05	4.010000e-05	4.017420e-05
4.011000e-05	4.011000e-05	4.021542e-05
4.012000e-05	4.012000e-05	4.025666e-05
4.013000e-05	4.013000e-05	4.023554e-05
4.014000e-05	4.014000e-05	4.021442e-05
4.015000e-05	4.015000e-05	4.025565e-05
4.016000e-05	4.016000e-05	4.029690e-05
4.017000e-05	4.017000e-05	4.027576e-05
4.018000e-05	4.018000e-05	4.025463e-05
4.019000e-05	4.019000e-05	4.029588e-05
4.020000e-05	4.020000e-05	4.033715e-05
4.021000e-05	4.021000e-05	4.031599e-05
4.022000e-05	4.022000e-05	4.029484e-05
4.023000e-05	4.023000e-05	4.033611e-05
4.024000e-05	4.024000e-05	4.037739e-05
4.025000e-05	4.025000e-05	4.035622e-05
4.026000e-05	4.026000e-05	4.033506e-05
4.027000e-05	4.027000e-05	4.037633e-05
4.028000e-05	4.028000e-05	4.041763e-05
4.029000e-05	4.029000e-05	4.039645e-05
4.030000e-05	4.030000e-05	4.037527e-05
4.031000e-05	4.031000e-05	4.041656e-05
4.032000e-05	4.032000e-05	4.045787e-05
4.033000e-05	4.033000e-05	4.043667e-05
4.034000e-05	4.034000e-05	4.041548e-05
4.035000e-05	4.035000e-05	4.045679e-05
4.036000e-05	4.036000e-05	4.049811e-05
4.037000e-05	4.037000e-05	4.047690e-05
4.038000e-05	4.038000e-05	4.045569e-05
4.039000e-05	4.039000e-05	4.049701e-05
4.040000e-05	4.040000e-05	4.053835e-05
4.041000e-05	4.041000e-05	4.051712e-05
4.042000e-05	4.042000e-05	4.049590e-05
4.043000e-05	4.043000e-05	4.053724e-05
4.044000e-05	4.044000e-05	4.057859e-05
4.045000e-05	4.045000e-05	4.055735e-05
4.046000e-05	4.046000e-05	4.053611e-05
4.047000e-05	4.047000e-05	4.057746e-05
4.048000e-05	4.048000e-05	4.061883e-05
4.049000e-05	4.049000e-05	4.059757e-05
4.050000e-05	4.050000e-05	4.057632e-05
4.051000e-05	4.051000e-05	4.061768e-05
4.052000e-05	4.052000e-05	4.065906e-05
4.053000e-05	4.053000e-05	4.063779e-05
4.054000e-05	4.054000e-05	4.061653e-05
4.055000e-05	4.055000e-05	4.065791e-05
4.056000e-05	4.056000e-05	4.069930e-05
4.057000e-05	4.057000e-05	4.067802e-05
4.058000e-05	4.058000e-05	4.065674e-05
4.059000e-05	4.059000e-05	4.069813e-05
4.060000e-05	4.060000e-05	4.073953e-05
4.061000e-05	4.061000e-05	4.071824e-05
4.062000e-05	4.062000e-05	4.069695e-05
4.063000e-05	4.063000e-05	4.073835e-05
4.064000e-05	4.064000e-05	4.077977e-05
4.065000e-05	4.065000e-05	4.075846e-05
4.066000e-05	4.066000e-05	4.073715e-05
4.067000e-05	4.067000e-05	4.077857e-05
4.068000e-05	4.068000e-05	4.082000e-05
4.069000e-05	4.069000e-05	4.079868e-05
4.070000e-05	4.070000e-05	4.077736e-05
4.071000e-05	4.071000e-05	4.081879e-05
4.072000e-05	4.072000e-05	4.086024e-05
4.073000e-05	4.073000e-05	4.083890e-05
4.074000e-05	4.074000e-05	4.081756e-05
4.075000e-05	4.075000e-05	4.085901e-05
4.076000e-05	4.076000e-05	4.090047e-05
4.077000e-05	4.077000e-05	4.087912e-05
4.078000e-05	4.078000e-05	4.085777e-05
4.079000e-05	4.079000e-05	4.089922e-05
4.080000e-05	4.080000e-05	4.094070e-05
4.081000e-05	4.081000e-05	4.091933e-05
4.082000e-05	4.082000e-05	4.089797e-05
4.083000e-05	4.083000e-05	4.093944e-05
4.084000e-05	4.084000e-05	4.098093e-05
4.085000e-05	4.085000e-05	4.095955e-05
4.086000e-05	4.086000e-05	4.093817e-05
4.087000e-05	4.087000e-05	4.097966e-05
4.088000e-05	4.088000e-05	4.102116e-05
4.089000e-05	4.089000e-05	4.099977e-05
4.090000e-05	4.090000e-05	4.097837e-05
4.091000e-05	4.091000e-05	4.101987e-05
4.092000e-05	4.092000e-05	4.106139e-05
4.093000e-05	4.093000e-05	4.103998e-05
4.094000e-05	4.094000e-05	4.101858e-05
4.095000e-05	4.095000e-05	4.106009e-05
4.096000e-05	4.096000e-05	4.110162e-05
4.097000e-05	4.097000e-05	4.108020e-05
4.098000e-05	4.098000e-05	4.105878e-05
4.099000e-05	4.099000e-05	4.110030e-05
4.100000e-05	4.100000e-05	4.114185e-05
4.101000e-05	4.101000e-05	4.112041e-05
4.102000e-05	4.102000e-05	4.109898e-05
4.103000e-05	4.103000e-05	4.114052e-05
4.104000e-05	4.104000e-05	4.118208e-05
4.105000e-05	4.105000e-05	4.116062e-05
4.106000e-05	4.106000e-05	4.113917e-05
4.107000e-05	4.107000e-05	4.118073e-05
4.108000e-05	4.108000e-05	4.122230e-05
4.109000e-05	4.109000e-05	4.120084e-05
4.110000e-05	4.110000e-05	4.117937e-05
4.111000e-05	4.111000e-05	4.122094e-05
4.112000e-05	4.112000e-05	4.126253e-05
4.113000e-05	4.113000e-05	4.124105e-05
4.114000e-05	4.114000e-05	4.121957e-05
4.115000e-05	4.115000e-05	4.126115e-05
4.116000e-05	4.116000e-05	4.130275e-05
4.117000e-05	4.117000e-05	4.128126e-05
4.118000e-05	4.118000e-05	4.125977e-05
4.119000e-05	4.119000e-05	4.130136e-05
4.120000e-05	4.120000e-05	4.134298e-05
4.121000e-05	4.121000e-05	4.132147e-05
4.122000e-05	4.122000e-05	4.129996e-05
4.123000e-05	4.123000e-05	4.134157e-05
4.124000e-05	4.124000e-05	4.138320e-05
4.125000e-05	4.125000e-05	4.136168e-05
4.126000e-05	4.126000e-05	4.134016e-05
4.127000e-05	4.127000e-05	4.138178e-05
4.128000e-05	4.128000e-05	4.142343e-05
4.129000e-05	4.129000e-05	4.140189e-05
4.130000e-05	4.130000e-05	4.138035e-05
4.131000e-05	4.131000e-05	4.142199e-05
4.132000e-05	4.132000e-05	4.146365e-05
4.133000e-05	4.133000e-05	4.144209e-05
4.134000e-05	4.134000e-05	4.142055e-05
4.135000e-05	4.135000e-05	4.146220e-05
4.136000e-05	4.136000e-05	4.150387e-05
4.137000e-05	4.137000e-05	4.148230e-05
4.138000e-05	4.138000e-05	4.146074e-05
4.139000e-05	4.139000e-05	4.150240e-05
4.140000e-05	4.140000e-05	4.154409e-05
4.141000e-05	4.141000e-05	4.152251e-05
4.142000e-05	4.142000e-05	4.150093e-05
4.143000e-05	4.143000e-05	4.154261e-05
4.144000e-05	4.144000e-05	4.158431e-05
4.145000e-05	4.145000e-05	4.156271e-05
4.146000e-05	4.146000e-05	4.154112e-05
4.147000e-05	4.147000e-05	4.158282e-05
4.148000e-05	4.148000e-05	4.162453e-05
4.149000e-05	4.149000e-05	4.160292e-05
4.150000e-05	4.150000e-05	4.158131e-05
4.151000e-05	4.151000e-05	4.162302e-05
4.152000e-05	4.152000e-05	4.166475e-05
4.153000e-05	4.153000e-05	4.164312e-05
4.154000e-05	4.154000e-05	4.162150e-05
4.155000e-05	4.155000e-05	4.166322e-05
4.156000e-05	4.156000e-05	4.170496e-05
4.157000e-05	4.157000e-05	4.168333e-05
4.158000e-05	4.158000e-05	4.166169e-05
4.159000e-05	4.159000e-05	4.170343e-05
4.160000e-05	4.160000e-05	4.174518e-05
4.161000e-05	4.161000e-05	4.172353e-05
4.162000e-05	4.162000e-05	4.170188e-05
4.163000e-05	4.163000e-05	4.174363e-05
4.164000e-05	4.164000e-05	4.178540e-05
4.165000e-05	4.165000e-05	4.176373e-05
4.166000e-05	4.166000e-05	4.174207e-05
4.167000e-05	4.167000e-05	4.178383e-05
4.168000e-05	4.168000e-05	4.182561e-05
4.169000e-05	4.169000e-05	4.180393e-05
4.170000e-05	4.170000e-05	4.178226e-05
4.171000e-05	4.171000e-05	4.182403e-05
4.172000e-05	4.172000e-05	4.186583e-05
4.173000e-05	4.173000e-05	4.184413e-05
4.174000e-05	4.174000e-05	4.182244e-05
4.175000e-05	4.175000e-05	4.186423e-05
4.176000e-05	4.176000e-05	4.190604e-05
4.177000e-05	4.177000e-05	4.188433e-05
4.178000e-05	4.178000e-05	4.186263e-05
4.179000e-05	4.179000e-05	4.190443e-05
4.180000e-05	4.180000e-05	4.194625e-05
4.181000e-05	4.181000e-05	4.192453e-05
4.182000e-05	4.182000e-05	4.190281e-05
4.183000e-05	4.183000e-05	4.194463e-05
4.184000e-05	4.184000e-05	4.198646e-05
4.185000e-05	4.185000e-05	4.196473e-05
4.186000e-05	4.186000e-05	4.194300e-05
4.187000e-05	4.187000e-05	4.198483e-05
4.188000e-05	4.188000e-05	4.202668e-05
4.189000e-05	4.189000e-05	4.200493e-05
4.190000e-05	4.190000e-05	4.198318e-05
4.191000e-05	4.191000e-05	4.202502e-05
4.192000e-05	4.192000e-05	4.206689e-05
4.193000e-05	4.193000e-05	4.204512e-05
4.194000e-05	4.194000e-05	4.202336e-05
4.195000e-05	4.195000e-05	4.206522e-05
4.196000e-05	4.196000e-05	4.210710e-05
4.197000e-05	4.197000e-05	4.208532e-05
4.198000e-05	4.198000e-05	4.206354e-05
4.199000e-05	4.199000e-05	4.210541e-05
4.200000e-05	4.200000e-05	4.214730e-05
4.201000e-05	4.201000e-05	4.212551e-05
4.202000e-05	4.202000e-05	4.210373e-05
4.203000e-05	4.203000e-05	4.214561e-05
4.204000e-05	4.204000e-05	4.218751e-05
4.205000e-05	4.205000e-05	4.216571e-05
4.206000e-05	4.206000e-05	4.214391e-05
4.207000e-05	4.207000e-05	4.218580e-05
4.208000e-05	4.208000e-05	4.222772e-05
4.209000e-05	4.209000e-05	4.220590e-05
4.210000e-05	4.210000e-05	4.218408e-05
4.211000e-05	4.211000e-05	4.222600e-05
4.212000e-05	4.212000e-05	4.226793e-05
4.213000e-05	4.213000e-05	4.224609e-05
4.214000e-05	4.214000e-05	4.222426e-05
4.215000e-05	4.215000e-05	4.226619e-05
4.216000e-05	4.216000e-05	4.230813e-05
4.217000e-05	4.217000e-05	4.228628e-05
4.218000e-05	4.218000e-05	4.226444e-05
4.219000e-05	4.219000e-05	4.230638e-05
4.220000e-05	4.220000e-05	4.234834e-05
4.221000e-05	4.221000e-05	4.232647e-05
4.222000e-05	4.222000e-05	4.230462e-05
4.223000e-05	4.223000e-05	4.234657e-05
4.224000e-05	4.224000e-05	4.238854e-05
4.225000e-05	4.225000e-05	4.236666e-05
4.226000e-05	4.226000e-05	4.234479e-05
4.227000e-05	4.227000e-05	4.238676e-05
4.228000e-05	4.228000e-05	4.242874e-05
4.229000e-05	4.229000e-05	4.240685e-05
4.230000e-05	4.230000e-05	4.238497e-05
4.231000e-05	4.231000e-05	4.242695e-05
4.232000e-05	4.232000e-05	4.246895e-05
4.233000e-05	4.233000e-05	4.244704e-05
4.234000e-05	4.234000e-05	4.242514e-05
4.235000e-05	4.235000e-05	4.246714e-05
4.236000e-05	4.236000e-05	4.250915e-05
4.237000e-05	4.237000e-05	4.248723e-05
4.238000e-05	4.238000e-05	4.246532e-05
4.239000e-05	4.239000e-05	4.250732e-05
4.240000e-05	4.240000e-05	4.254935e-05
4.241000e-05	4.241000e-05	4.252742e-05
4.242000e-05	4.242000e-05	4.250549e-05
4.243000e-05	4.243000e-05	4.254751e-05
4.244000e-05	4.244000e-05	4.258955e-05
4.245000e-05	4.245000e-05	4.256760e-05
4.246000e-05	4.246000e-05	4.254566e-05
4.247000e-05	4.247000e-05	4.258770e-05
4.248000e-05	4.248000e-05	4.262975e-05
4.249000e-05	4.249000e-05	4.260779e-05
4.250000e-05	4.250000e-05	4.258583e-05
4.251000e-05	4.251000e-05	4.262788e-05
4.252000e-05	4.252000e-05	4.266995e-05
4.253000e-05	4.253000e-05	4.264797e-05
4.254000e-05	4.254000e-05	4.262600e-05
4.255000e-05	4.255000e-05	4.266807e-05
4.256000e-05	4.256000e-05	4.271014e-05
4.257000e-05	4.257000e-05	4.268816e-05
4.258000e-05	4.258000e-05	4.266617e-05
4.259000e-05	4.259000e-05	4.270825e-05
4.260000e-05	4.260000e-05	4.275034e-05
4.261000e-05	4.261000e-05	4.272834e-05
4.262000e-05	4.262000e-05	4.270634e-05
4.263000e-05	4.263000e-05	4.274843e-05
4.264000e-05	4.264000e-05	4.279054e-05
4.265000e-05	4.265000e-05	4.276852e-05
4.266000e-05	4.266000e-05	4.274651e-05
4.267000e-05	4.267000e-05	4.278861e-05
4.268000e-05	4.268000e-05	4.283073e-05
4.269000e-05	4.269000e-05	4.280870e-05
4.270000e-05	4.270000e-05	4.278668e-05
4.271000e-05	4.271000e-05	4.282879e-05
4.272000e-05	4.272000e-05	4.287093e-05
4.273000e-05	4.273000e-05	4.284888e-05
4.274000e-05	4.274000e-05	4.282685e-05
4.275000e-05	4.275000e-05	4.286897e-05
4.276000e-05	4.276000e-05	4.291112e-05
4.277000e-05	4.277000e-05	4.288906e-05
4.278000e-05	4.278000e-05	4.286701e-05
4.279000e-05	4.279000e-05	4.290915e-05
4.280000e-05	4.280000e-05	4.295131e-05
4.281000e-05	4.281000e-05	4.292924e-05
4.282000e-05	4.282000e-05	4.290718e-05
4.283000e-05	4.283000e-05	4.294933e-05
4.284000e-05	4.284000e-05	4.299151e-05
4.285000e-05	4.285000e-05	4.296942e-05
4.286000e-05	4.286000e-05	4.294734e-05
4.287000e-05	4.287000e-05	4.298951e-05
4.288000e-05	4.288000e-05	4.303170e-05
4.289000e-05	4.289000e-05	4.300960e-05
4.290000e-05	4.290000e-05	4.298750e-05
4.291000e-05	4.291000e-05	4.302969e-05
4.292000e-05	4.292000e-05	4.307189e-05
4.293000e-05	4.293000e-05	4.304977e-05
4.294000e-05	4.294000e-05	4.302767e-05
4.295000e-05	4.295000e-05	4.306986e-05
4.296000e-05	4.296000e-05	4.311208e-05
4.297000e-05	4.297000e-05	4.308995e-05
4.298000e-05	4.298000e-05	4.306783e-05
4.299000e-05	4.299000e-05	4.311004e-05
4.300000e-05	4.300000e-05	4.315226e-05
4.301000e-05	4.301000e-05	4.313012e-05
4.302000e-05	4.302000e-05	4.310799e-05
4.303000e-05	4.303000e-05	4.315021e-05
4.304000e-05	4.304000e-05	4.319245e-05
4.305000e-05	4.305000e-05	4.317030e-05
4.306000e-05	4.306000e-05	4.314815e-05
4.307000e-05	4.307000e-05	4.319039e-05
4.308000e-05	4.308000e-05	4.323264e-05
4.309000e-05	4.309000e-05	4.321047e-05
4.310000e-05	4.310000e-05	4.318831e-05
4.311000e-05	4.311000e-05	4.323056e-05
4.312000e-05	4.312000e-05	4.327283e-05
4.313000e-05	4.313000e-05	4.325064e-05
4.314000e-05	4.314000e-05	4.322847e-05
4.315000e-05	4.315000e-05	4.327073e-05
4.316000e-05	4.316000e-05	4.331301e-05
4.317000e-05	4.317000e-05	4.329082e-05
4.318000e-05	4.318000e-05	4.326863e-05
4.319000e-05	4.319000e-05	4.331090e-05
4.320000e-05	4.320000e-05	4.335320e-05
4.321000e-05	4.321000e-05	4.333099e-05
4.322000e-05	4.322000e-05	4.330878e-05
4.323000e-05	4.323000e-05	4.335107e-05
4.324000e-05	4.324000e-05	4.339338e-05
4.325000e-05	4.325000e-05	4.337116e-05
4.326000e-05	4.326000e-05	4.334894e-05
4.327000e-05	4.327000e-05	4.339124e-05
4.328000e-05	4.328000e-05	4.343356e-05
4.329000e-05	4.329000e-05	4.341133e-05
4.330000e-05	4.330000e-05	4.338909e-05
4.331000e-05	4.331000e-05	4.343141e-05
4.332000e-05	4.332000e-05	4.347374e-05
4.333000e-05	4.333000e-05	4.345149e-05
4.334000e-05	4.334000e-05	4.342925e-05
4.335000e-05	4.335000e-05	4.347158e-05
4.336000e-05	4.336000e-05	4.351393e-05
4.337000e-05	4.337000e-05	4.349166e-05
4.338000e-05	4.338000e-05	4.346940e-05
4.339000e-05	4.339000e-05	4.351174e-05
4.340000e-05	4.340000e-05	4.355411e-05
4.341000e-05	4.341000e-05	4.353183e-05
4.342000e-05	4.342000e-05	4.350955e-05
4.343000e-05	4.343000e-05	4.355191e-05
4.344000e-05	4.344000e-05	4.359429e-05
4.345000e-05	4.345000e-05	4.357199e-05
4.346000e-05	4.346000e-05	4.354971e-05
4.347000e-05	4.347000e-05	4.359208e-05
4.348000e-05	4.348000e-05	4.363446e-05
4.349000e-05	4.349000e-05	4.361216e-05
4.350000e-05	4.350000e-05	4.358986e-05
4.351000e-05	4.351000e-05	4.363224e-05
4.352000e-05	4.352000e-05	4.367464e-05
4.353000e-05	4.353000e-05	4.365232e-05
4.354000e-05	4.354000e-05	4.363001e-05
4.355000e-05	4.355000e-05	4.367240e-05
4.356000e-05	4.356000e-05	4.371482e-05
4.357000e-05	4.357000e-05	4.369249e-05
4.358000e-05	4.358000e-05	4.367016e-05
4.359000e-05	4.359000e-05	4.371257e-05
4.360000e-05	4.360000e-05	4.375500e-05
4.361000e-05	4.361000e-05	4.373265e-05
4.362000e-05	4.362000e-05	4.371031e-05
4.363000e-05	4.363000e-05	4.375273e-05
4.364000e-05	4.364000e-05	4.379517e-05
4.365000e-05	4.365000e-05	4.377281e-05
4.366000e-05	4.366000e-05	4.375045e-05
4.367000e-05	4.367000e-05	4.379289e-05
4.368000e-05	4.368000e-05	4.383535e-05
4.369000e-05	4.369000e-05	4.381297e-05
4.370000e-05	4.370000e-05	4.379060e-05
4.371000e-05	4.371000e-05	4.383305e-05
4.372000e-05	4.372000e-05	4.387552e-05
4.373000e-05	4.373000e-05	4.385313e-05
4.374000e-05	4.374000e-05	4.383075e-05
4.375000e-05	4.375000e-05	4.387321e-05
4.376000e-05	4.376000e-05	4.391569e-05
4.377000e-05	4.377000e-05	4.389329e-05
4.378000e-05	4.378000e-05	4.387089e-05
4.379000e-05	4.379000e-05	4.391337e-05
4.380000e-05	4.380000e-05	4.395586e-05
4.381000e-05	4.381000e-05	4.393345e-05
4.382000e-05	4.382000e-05	4.391104e-05
4.383000e-05	4.383000e-05	4.395353e-05
4.384000e-05	4.384000e-05	4.399604e-05
4.385000e-05	4.385000e-05	4.397361e-05
4.386000e-05	4.386000e-05	4.395118e-05
4.387000e-05	4.387000e-05	4.399368e-05
4.388000e-05	4.388000e-05	4.403621e-05
4.389000e-05	4.389000e-05	4.401376e-05
4.390000e-05	4.390000e-05	4.399133e-05
4.391000e-05	4.391000e-05	4.403384e-05
4.392000e-05	4.392000e-05	4.407638e-05
4.393000e-05	4.393000e-05	4.405392e-05
4.394000e-05	4.394000e-05	4.403147e-05
4.395000e-05	4.395000e-05	4.407400e-05
4.396000e-05	4.396000e-05	4.411654e-05
4.397000e-05	4.397000e-05	4.409407e-05
4.398000e-05	4.398000e-05	4.407161e-05
4.399000e-05	4.399000e-05	4.411415e-05
4.400000e-05	4.400000e-05	4.415671e-05
4.401000e-05	4.401000e-05	4.413423e-05
4.402000e-05	4.402000e-05	4.411175e-05
4.403000e-05	4.403000e-05	4.415431e-05
4.404000e-05	4.404000e-05	4.419688e-05
4.405000e-05	4.405000e-05	4.417438e-05
4.406000e-05	4.406000e-05	4.415189e-05
4.407000e-05	4.407000e-05	4.419446e-05
4.408000e-05	4.408000e-05	4.423705e-05
4.409000e-05	4.409000e-05	4.421453e-05
4.410000e-05	4.410000e-05	4.419203e-05
4.411000e-05	4.411000e-05	4.423461e-05
4.412000e-05	4.412000e-05	4.427721e-05
4.413000e-05	4.413000e-05	4.425469e-05
4.414000e-05	4.414000e-05	4.423217e-05
4.415000e-05	4.415000e-05	4.427476e-05
4.416000e-05	4.416000e-05	4.431738e-05
4.417000e-05	4.417000e-05	4.429484e-05
4.418000e-05	4.418000e-05	4.427230e-05
4.419000e-05	4.419000e-05	4.431491e-05
4.420000e-05	4.420000e-05	4.435754e-05
4.421000e-05	4.421000e-05	4.433499e-05
4.422000e-05	4.422000e-05	4.431244e-05
4.423000e-05	4.423000e-05	4.435506e-05
4.424000e-05	4.424000e-05	4.439770e-05
4.425000e-05	4.425000e-05	4.437514e-05
4.426000e-05	4.426000e-05	4.435258e-05
4.427000e-05	4.427000e-05	4.439521e-05
4.428000e-05	4.428000e-05	4.443787e-05
4.429000e-05	4.429000e-05	4.441529e-05
4.430000e-05	4.430000e-05	4.439271e-05
4.431000e-05	4.431000e-05	4.443536e-05
4.432000e-05	4.432000e-05	4.447803e-05
4.433000e-05	4.433000e-05	4.445543e-05
4.434000e-05	4.434000e-05	4.443284e-05
4.435000e-05	4.435000e-05	4.447551e-05
4.436000e-05	4.436000e-05	4.451819e-05
4.437000e-05	4.437000e-05	4.449558e-05
4.438000e-05	4.438000e-05	4.447298e-05
4.439000e-05	4.439000e-05	4.451565e-05
4.440000e-05	4.440000e-05	4.455835e-05
4.441000e-05	4.441000e-05	4.453573e-05
4.442000e-05	4.442000e-05	4.451311e-05
4.443000e-05	4.443000e-05	4.455580e-05
4.444000e-05	4.444000e-05	4.459851e-05
4.445000e-05	4.445000e-05	4.457587e-05
4.446000e-05	4.446000e-05	4.455324e-05
4.447000e-05	4.447000e-05	4.459594e-05
4.448000e-05	4.448000e-05	4.463866e-05
4.449000e-05	4.449000e-05	4.461602e-05
4.450000e-05	4.450000e-05	4.459337e-05
4.451000e-05	4.451000e-05	4.463609e-05
4.452000e-05	4.452000e-05	4.467882e-05
4.453000e-05	4.453000e-05	4.465616e-05
4.454000e-05	4.454000e-05	4.463350e-05
4.455000e-05	4.455000e-05	4.467623e-05
4.456000e-05	4.456000e-05	4.471898e-05
4.457000e-05	4.457000e-05	4.469630e-05
4.458000e-05	4.458000e-05	4.467363e-05
4.459000e-05	4.459000e-05	4.471637e-05
4.460000e-05	4.460000e-05	4.475913e-05
4.461000e-05	4.461000e-05	4.473644e-05
4.462000e-05	4.462000e-05	4.471376e-05
4.463000e-05	4.463000e-05	4.475651e-05
4.464000e-05	4.464000e-05	4.479929e-05
4.465000e-05	4.465000e-05	4.477658e-05
4.466000e-05	4.466000e-05	4.475389e-05
4.467000e-05	4.467000e-05	4.479665e-05
4.468000e-05	4.468000e-05	4.483944e-05
4.469000e-05	4.469000e-05	4.481672e-05
4.470000e-05	4.470000e-05	4.479401e-05
4.471000e-05	4.471000e-05	4.483679e-05
4.472000e-05	4.472000e-05	4.487959e-05
4.473000e-05	4.473000e-05	4.485686e-05
4.474000e-05	4.474000e-05	4.483414e-05
4.475000e-05	4.475000e-05	4.487693e-05
4.476000e-05	4.476000e-05	4.491974e-05
4.477000e-05	4.477000e-05	4.489700e-05
4.478000e-05	4.478000e-05	4.487426e-05
4.479000e-05	4.479000e-05	4.491707e-05
4.480000e-05	4.480000e-05	4.495990e-05
4.481000e-05	4.481000e-05	4.493714e-05
4.482000e-05	4.482000e-05	4.491439e-05
4.483000e-05	4.483000e-05	4.495721e-05
4.484000e-05	4.484000e-05	4.500005e-05
4.485000e-05	4.485000e-05	4.497728e-05
4.486000e-05	4.486000e-05	4.495451e-05
4.487000e-05	4.487000e-05	4.499734e-05
4.488000e-05	4.488000e-05	4.504020e-05
4.489000e-05	4.489000e-05	4.501741e-05
4.490000e-05	4.490000e-05	4.499463e-05
4.491000e-05	4.491000e-05	4.503748e-05
4.492000e-05	4.492000e-05	4.508034e-05
4.493000e-05	4.493000e-05	4.505755e-05
4.494000e-05	4.494000e-05	4.503476e-05
4.495000e-05	4.495000e-05	4.507761e-05
4.496000e-05	4.496000e-05	4.512049e-05
4.497000e-05	4.497000e-05	4.509768e-05
4.498000e-05	4.498000e-05	4.507488e-05
4.499000e-05	4.499000e-05	4.511775e-05
4.500000e-05	4.500000e-05	4.516064e-05
4.501000e-05	4.501000e-05	4.513782e-05
4.502000e-05	4.502000e-05	4.511500e-05
4.503000e-05	4.503000e-05	4.515788e-05
4.504000e-05	4.504000e-05	4.520079e-05
4.505000e-05	4.505000e-05	4.517795e-05
4.506000e-05	4.506000e-05	4.515512e-05
4.507000e-05	4.507000e-05	4.519801e-05
4.508000e-05	4.508000e-05	4.524093e-05
4.509000e-05	4.509000e-05	4.521808e-05
4.510000e-05	4.510000e-05	4.519523e-05
4.511000e-05	4.511000e-05	4.523815e-05
4.512000e-05	4.512000e-05	4.528108e-05
4.513000e-05	4.513000e-05	4.525821e-05
4.514000e-05	4.514000e-05	4.523535e-05
4.515000e-05	4.515000e-05	4.527828e-05
4.516000e-05	4.516000e-05	4.532122e-05
4.517000e-05	4.517000e-05	4.529834e-05
4.518000e-05	4.518000e-05	4.527547e-05
4.519000e-05	4.519000e-05	4.531841e-05
4.520000e-05	4.520000e-05	4.536136e-05
4.521000e-05	4.521000e-05	4.533847e-05
4.522000e-05	4.522000e-05	4.531558e-05
4.523000e-05	4.523000e-05	4.535853e-05
4.524000e-05	4.524000e-05	4.540150e-05
4.525000e-05	4.525000e-05	4.537860e-05
4.526000e-05	4.526000e-05	4.535570e-05
4.527000e-05	4.527000e-05	4.539866e-05
4.528000e-05	4.528000e-05	4.544164e-05
4.529000e-05	4.529000e-05	4.541873e-05
4.530000e-05	4.530000e-05	4.539581e-05
4.531000e-05	4.531000e-05	4.543879e-05
4.532000e-05	4.532000e-05	4.548178e-05
4.533000e-05	4.533000e-05	4.545885e-05
4.534000e-05	4.534000e-05	4.543593e-05
4.535000e-05	4.535000e-05	4.547892e-05
4.536000e-05	4.536000e-05	4.552192e-05
4.537000e-05	4.537000e-05	4.549898e-05
4.538000e-05	4.538000e-05	4.547604e-05
4.539000e-05	4.539000e-05	4.551904e-05
4.540000e-05	4.540000e-05	4.556206e-05
4.541000e-05	4.541000e-05	4.553910e-05
4.542000e-05	4.542000e-05	4.551615e-05
4.543000e-05	4.543000e-05	4.555917e-05
4.544000e-05	4.544000e-05	4.560220e-05
4.545000e-05	4.545000e-05	4.557923e-05
4.546000e-05	4.546000e-05	4.555626e-05
4.547000e-05	4.547000e-05	4.559929e-05
4.548000e-05	4.548000e-05	4.564234e-05
4.549000e-05	4.549000e-05	4.561935e-05
4.550000e-05	4.550000e-05	4.559637e-05
4.551000e-05	4.551000e-05	4.563941e-05
4.552000e-05	4.552000e-05	4.568247e-05
4.553000e-05	4.553000e-05	4.565947e-05
4.554000e-05	4.554000e-05	4.563648e-05
4.555000e-05	4.555000e-05	4.567954e-05
4.556000e-05	4.556000e-05	4.572261e-05
4.557000e-05	4.557000e-05	4.569960e-05
4.558000e-05	4.558000e-05	4.567659e-05
4.559000e-05	4.559000e-05	4.571966e-05
4.560000e-05	4.560000e-05	4.576274e-05
4.561000e-05	4.561000e-05	4.573972e-05
4.562000e-05	4.562000e-05	4.571670e-05
4.563000e-05	4.563000e-05	4.575978e-05
4.564000e-05	4.564000e-05	4.580288e-05
4.565000e-05	4.565000e-05	4.577984e-05
4.566000e-05	4.566000e-05	4.575680e-05
4.567000e-05	4.567000e-05	4.579990e-05
4.568000e-05	4.568000e-05	4.584301e-05
4.569000e-05	4.569000e-05	4.581996e-05
4.570000e-05	4.570000e-05	4.579691e-05
4.571000e-05	4.571000e-05	4.584002e-05
4.572000e-05	4.572000e-05	4.588314e-05
4.573000e-05	4.573000e-05	4.586007e-05
4.574000e-05	4.574000e-05	4.583701e-05
4.575000e-05	4.575000e-05	4.588013e-05
4.576000e-05	4.576000e-05	4.592327e-05
4.577000e-05	4.577000e-05	4.590019e-05
4.578000e-05	4.578000e-05	4.587712e-05
4.579000e-05	4.579000e-05	4.592025e-05
4.580000e-05	4.580000e-05	4.596340e-05
4.581000e-05	4.581000e-05	4.594031e-05
4.582000e-05	4.582000e-05	4.591722e-05
4.583000e-05	4.583000e-05	4.596037e-05
4.584000e-05	4.584000e-05	4.600353e-05
4.585000e-05	4.585000e-05	4.598042e-05
4.586000e-05	4.586000e-05	4.595732e-05
4.587000e-05	4.587000e-05	4.600048e-05
4.588000e-05	4.588000e-05	4.604366e-05
4.589000e-05	4.589000e-05	4.602054e-05
4.590000e-05	4.590000e-05	4.599743e-05
4.591000e-05	4.591000e-05	4.604060e-05
4.592000e-05	4.592000e-05	4.608379e-05
4.593000e-05	4.593000e-05	4.606065e-05
4.594000e-05	4.594000e-05	4.603753e-05
4.595000e-05	4.595000e-05	4.608071e-05
4.596000e-05	4.596000e-05	4.612391e-05
4.597000e-05	4.597000e-05	4.610077e-05
4.598000e-05	4.598000e-05	4.607763e-05
4.599000e-05	4.599000e-05	4.612082e-05
4.600000e-05	4.600000e-05	4.616404e-05
4.601000e-05	4.601000e-05	4.614088e-05
4.602000e-05	4.602000e-05	4.611773e-05
4.603000e-05	4.603000e-05	4.616094e-05
4.604000e-05	4.604000e-05	4.620417e-05
4.605000e-05	4.605000e-05	4.618099e-05
4.606000e-05	4.606000e-05	4.615782e-05
4.607000e-05	4.607000e-05	4.620105e-05
4.608000e-05	4.608000e-05	4.624429e-05
4.609000e-05	4.609000e-05	4.622110e-05
4.610000e-05	4.610000e-05	4.619792e-05
4.611000e-05	4.611000e-05	4.624116e-05
4.612000e-05	4.612000e-05	4.628441e-05
4.613000e-05	4.613000e-05	4.626121e-05
4.614000e-05	4.614000e-05	4.623802e-05
4.615000e-05	4.615000e-05	4.628127e-05
4.616000e-05	4.616000e-05	4.632454e-05
4.617000e-05	4.617000e-05	4.630132e-05
4.618000e-05	4.618000e-05	4.627811e-05
4.619000e-05	4.619000e-05	4.632138e-05
4.620000e-05	4.620000e-05	4.636466e-05
4.621000e-05	4.621000e-05	4.634143e-05
4.622000e-05	4.622000e-05	4.631821e-05
4.623000e-05	4.623000e-05	4.636148e-05
4.624000e-05	4.624000e-05	4.640478e-05
4.625000e-05	4.625000e-05	4.638154e-05
4.626000e-05	4.626000e-05	4.635830e-05
4.627000e-05	4.627000e-05	4.640159e-05
4.628000e-05	4.628000e-05	4.644490e-05
4.629000e-05	4.629000e-05	4.642164e-05
4.630000e-05	4.630000e-05	4.639840e-05
4.631000e-05	4.631000e-05	4.644170e-05
4.632000e-05	4.632000e-05	4.648502e-05
4.633000e-05	4.633000e-05	4.646175e-05
4.634000e-05	4.634000e-05	4.643849e-05
4.635000e-05	4.635000e-05	4.648180e-05
4.636000e-05	4.636000e-05	4.652514e-05
4.637000e-05	4.637000e-05	4.650186e-05
4.638000e-05	4.638000e-05	4.647858e-05
4.639000e-05	4.639000e-05	4.652191e-05
4.640000e-05	4.640000e-05	4.656525e-05
4.641000e-05	4.641000e-05	4.654196e-05
4.642000e-05	4.642000e-05	4.651867e-05
4.643000e-05	4.643000e-05	4.656201e-05
4.644000e-05	4.644000e-05	4.660537e-05
4.645000e-05	4.645000e-05	4.658206e-05
4.646000e-05	4.646000e-05	4.655876e-05
4.647000e-05	4.647000e-05	4.660211e-05
4.648000e-05	4.648000e-05	4.664549e-05
4.649000e-05	4.649000e-05	4.662217e-05
4.650000e-05	4.650000e-05	4.659885e-05
4.651000e-05	4.651000e-05	4.664222e-05
4.652000e-05	4.652000e-05	4.668560e-05
4.653000e-05	4.653000e-05	4.666227e-05
4.654000e-05	4.654000e-05	4.663894e-05
4.655000e-05	4.655000e-05	4.668232e-05
4.656000e-05	4.656000e-05	4.672571e-05
4.657000e-05	4.657000e-05	4.670237e-05
4.658000e-05	4.658000e-05	4.667903e-05
4.659000e-05	4.659000e-05	4.672242e-05
4.660000e-05	4.660000e-05	4.676583e-05
4.661000e-05	4.661000e-05	4.674247e-05
4.662000e-05	4.662000e-05	4.671911e-05
4.663000e-05	4.663000e-05	4.676252e-05
4.664000e-05	4.664000e-05	4.680594e-05
4.665000e-05	4.665000e-05	4.678257e-05
4.666000e-05	4.666000e-05	4.675920e-05
4.667000e-05	4.667000e-05	4.680262e-05
4.668000e-05	4.668000e-05	4.684605e-05
4.669000e-05	4.669000e-05	4.682267e-05
4.670000e-05	4.670000e-05	4.679928e-05
4.671000e-05	4.671000e-05	4.684271e-05
4.672000e-05	4.672000e-05	4.688616e-05
4.673000e-05	4.673000e-05	4.686276e-05
4.674000e-05	4.674000e-05	4.683937e-05
4.675000e-05	4.675000e-05	4.688281e-05
4.676000e-05	4.676000e-05	4.692627e-05
4.677000e-05	4.677000e-05	4.690286e-05
4.678000e-05	4.678000e-05	4.687945e-05
4.679000e-05	4.679000e-05	4.692291e-05
4.680000e-05	4.680000e-05	4.696638e-05
4.681000e-05	4.681000e-05	4.694296e-05
4.682000e-05	4.682000e-05	4.691954e-05
4.683000e-05	4.683000e-05	4.696300e-05
4.684000e-05	4.684000e-05	4.700649e-05
4.685000e-05	4.685000e-05	4.698305e-05
4.686000e-05	4.686000e-05	4.695962e-05
4.687000e-05	4.687000e-05	4.700310e-05
4.688000e-05	4.688000e-05	4.704660e-05
4.689000e-05	4.689000e-05	4.702315e-05
4.690000e-05	4.690000e-05	4.699970e-05
4.691000e-05	4.691000e-05	4.704319e-05
4.692000e-05	4.692000e-05	4.708670e-05
4.693000e-05	4.693000e-05	4.706324e-05
4.694000e-05	4.694000e-05	4.703978e-05
4.695000e-05	4.695000e-05	4.708328e-05
4.696000e-05	4.696000e-05	4.712681e-05
4.697000e-05	4.697000e-05	4.710333e-05
4.698000e-05	4.698000e-05	4.707986e-05
4.699000e-05	4.699000e-05	4.712338e-05
4.700000e-05	4.700000e-05	4.716692e-05
4.701000e-05	4.701000e-05	4.714342e-05
4.702000e-05	4.702000e-05	4.711994e-05
4.703000e-05	4.703000e-05	4.716347e-05
4.704000e-05	4.704000e-05	4.720702e-05
4.705000e-05	4.705000e-05	4.718351e-05
4.706000e-05	4.706000e-05	4.716001e-05
4.707000e-05	4.707000e-05	4.720356e-05
4.708000e-05	4.708000e-05	4.724712e-05
4.709000e-05	4.709000e-05	4.722360e-05
4.710000e-05	4.710000e-05	4.720009e-05
4.711000e-05	4.711000e-05	4.724365e-05
4.712000e-05	4.712000e-05	4.728722e-05
4.713000e-05	4.713000e-05	4.726369e-05
4.714000e-05	4.714000e-05	4.724017e-05
4.715000e-05	4.715000e-05	4.728374e-05
4.716000e-05	4.716000e-05	4.732733e-05
4.717000e-05	4.717000e-05	4.730378e-05
4.718000e-05	4.718000e-05	4.728024e-05
4.719000e-05	4.719000e-05	4.732383e-05
4.720000e-05	4.720000e-05	4.736743e-05
4.721000e-05	4.721000e-05	4.734387e-05
4.722000e-05	4.722000e-05	4.732032e-05
4.723000e-05	4.723000e-05	4.736391e-05
4.724000e-05	4.724000e-05	4.740753e-05
4.725000e-05	4.725000e-05	4.738396e-05
4.726000e-05	4.726000e-05	4.736039e-05
4.727000e-05	4.727000e-05	4.740400e-05
4.728000e-05	4.728000e-05	4.744763e-05
4.729000e-05	4.729000e-05	4.742404e-05
4.730000e-05	4.730000e-05	4.740046e-05
4.731000e-05	4.731000e-05	4.744408e-05
4.732000e-05	4.732000e-05	4.748772e-05
4.733000e-05	4.733000e-05	4.746413e-05
4.734000e-05	4.734000e-05	4.744053e-05
4.735000e-05	4.735000e-05	4.748417e-05
4.736000e-05	4.736000e-05	4.752782e-05
4.737000e-05	4.737000e-05	4.750421e-05
4.738000e-05	4.738000e-05	4.748061e-05
4.739000e-05	4.739000e-05	4.752425e-05
4.740000e-05	4.740000e-05	4.756792e-05
4.741000e-05	4.741000e-05	4.754429e-05
4.742000e-05	4.742000e-05	4.752068e-05
4.743000e-05	4.743000e-05	4.756434e-05
4.744000e-05	4.744000e-05	4.760801e-05
4.745000e-05	4.745000e-05	4.758438e-05
4.746000e-05	4.746000e-05	4.756074e-05
4.747000e-05	4.747000e-05	4.760442e-05
4.748000e-05	4.748000e-05	4.764811e-05
4.749000e-05	4.749000e-05	4.762446e-05
4.750000e-05	4.750000e-05	4.760081e-05
4.751000e-05	4.751000e-05	4.764450e-05
4.752000e-05	4.752000e-05	4.768820e-05
4.753000e-05	4.753000e-05	4.766454e-05
4.754000e-05	4.754000e-05	4.764088e-05
4.755000e-05	4.755000e-05	4.768458e-05
4.756000e-05	4.756000e-05	4.772830e-05
4.757000e-05	4.757000e-05	4.770462e-05
4.758000e-05	4.758000e-05	4.768095e-05
4.759000e-05	4.759000e-05	4.772466e-05
4.760000e-05	4.760000e-05	4.776839e-05
4.761000e-05	4.761000e-05	4.774470e-05
4.762000e-05	4.762000e-05	4.772101e-05
4.763000e-05	4.763000e-05	4.776474e-05
4.764000e-05	4.764000e-05	4.780848e-05
4.765000e-05	4.765000e-05	4.778478e-05
4.766000e-05	4.766000e-05	4.776108e-05
4.767000e-05	4.767000e-05	4.780482e-05
4.768000e-05	4.768000e-05	4.784857e-05
4.769000e-05	4.769000e-05	4.782485e-05
4.770000e-05	4.770000e-05	4.780114e-05
4.771000e-05	4.771000e-05	4.784489e-05
4.772000e-05	4.772000e-05	4.788866e-05
4.773000e-05	4.773000e-05	4.786493e-05
4.774000e-05	4.774000e-05	4.784121e-05
4.775000e-05	4.775000e-05	4.788497e-05
4.776000e-05	4.776000e-05	4.792875e-05
4.777000e-05	4.777000e-05	4.790501e-05
4.778000e-05	4.778000e-05	4.788127e-05
4.779000e-05	4.779000e-05	4.792504e-05
4.780000e-05	4.780000e-05	4.796884e-05
4.781000e-05	4.781000e-05	4.794508e-05
4.782000e-05	4.782000e-05	4.792133e-05
4.783000e-05	4.783000e-05	4.796512e-05
4.784000e-05	4.784000e-05	4.800893e-05
4.785000e-05	4.785000e-05	4.798516e-05
4.786000e-05	4.786000e-05	4.796139e-05
4.787000e-05	4.787000e-05	4.800519e-05
4.788000e-05	4.788000e-05	4.804901e-05
4.789000e-05	4.789000e-05	4.802523e-05
4.790000e-05	4.790000e-05	4.800145e-05
4.791000e-05	4.791000e-05	4.804527e-05
4.792000e-05	4.792000e-05	4.808910e-05
4.793000e-05	4.793000e-05	4.806530e-05
4.794000e-05	4.794000e-05	4.804151e-05
4.795000e-05	4.795000e-05	4.808534e-05
4.796000e-05	4.796000e-05	4.812918e-05
4.797000e-05	4.797000e-05	4.810537e-05
4.798000e-05	4.798000e-05	4.808157e-05
4.799000e-05	4.799000e-05	4.812541e-05
4.800000e-05	4.800000e-05	4.816927e-05
4.801000e-05	4.801000e-05	4.814545e-05
4.802000e-05	4.802000e-05	4.812163e-05
4.803000e-05	4.803000e-05	4.816548e-05
4.804000e-05	4.804000e-05	4.820935e-05
4.805000e-05	4.805000e-05	4.818552e-05
4.806000e-05	4.806000e-05	4.816169e-05
4.807000e-05	4.807000e-05	4.820555e-05
4.808000e-05	4.808000e-05	4.824943e-05
4.809000e-05	4.809000e-05	4.822558e-05
4.810000e-05	4.810000e-05	4.820174e-05
4.811000e-05	4.811000e-05	4.824562e-05
4.812000e-05	4.812000e-05	4.828951e-05
4.813000e-05	4.813000e-05	4.826565e-05
4.814000e-05	4.814000e-05	4.824180e-05
4.815000e-05	4.815000e-05	4.828569e-05
4.816000e-05	4.816000e-05	4.832959e-05
4.817000e-05	4.817000e-05	4.830572e-05
4.818000e-05	4.818000e-05	4.828185e-05
4.819000e-05	4.819000e-05	4.832575e-05
4.820000e-05	4.820000e-05	4.836967e-05
4.821000e-05	4.821000e-05	4.834579e-05
4.822000e-05	4.822000e-05	4.832191e-05
4.823000e-05	4.823000e-05	4.836582e-05
4.824000e-05	4.824000e-05	4.840975e-05
4.825000e-05	4.825000e-05	4.838585e-05
4.826000e-05	4.826000e-05	4.836196e-05
4.827000e-05	4.827000e-05	4.840589e-05
4.828000e-05	4.828000e-05	4.844983e-05
4.829000e-05	4.829000e-05	4.842592e-05
4.830000e-05	4.830000e-05	4.840201e-05
4.831000e-05	4.831000e-05	4.844595e-05
4.832000e-05	4.832000e-05	4.848991e-05
4.833000e-05	4.833000e-05	4.846598e-05
4.834000e-05	4.834000e-05	4.844206e-05
4.835000e-05	4.835000e-05	4.848601e-05
4.836000e-05	4.836000e-05	4.852998e-05
4.837000e-05	4.837000e-05	4.850605e-05
4.838000e-05	4.838000e-05	4.848211e-05
4.839000e-05	4.839000e-05	4.852608e-05
4.840000e-05	4.840000e-05	4.857006e-05
4.841000e-05	4.841000e-05	4.854611e-05
4.842000e-05	4.842000e-05	4.852216e-05
4.843000e-05	4.843000e-05	4.856614e-05
4.844000e-05	4.844000e-05	4.861014e-05
4.845000e-05	4.845000e-05	4.858617e-05
4.846000e-05	4.846000e-05	4.856221e-05
4.847000e-05	4.847000e-05	4.860620e-05
4.848000e-05	4.848000e-05	4.865021e-05
4.849000e-05	4.849000e-05	4.862623e-05
4.850000e-05	4.850000e-05	4.860226e-05
4.851000e-05	4.851000e-05	4.864626e-05
4.852000e-05	4.852000e-05	4.869028e-05
4.853000e-05	4.853000e-05	4.866629e-05
4.854000e-05	4.854000e-05	4.864231e-05
4.855000e-05	4.855000e-05	4.868632e-05
4.856000e-05	4.856000e-05	4.873035e-05
4.857000e-05	4.857000e-05	4.870635e-05
4.858000e-05	4.858000e-05	4.868235e-05
4.859000e-05	4.859000e-05	4.872638e-05
4.860000e-05	4.860000e-05	4.877043e-05
4.861000e-05	4.861000e-05	4.874641e-05
4.862000e-05	4.862000e-05	4.872240e-05
4.863000e-05	4.863000e-05	4.876644e-05
4.864000e-05	4.864000e-05	4.881050e-05
4.865000e-05	4.865000e-05	4.878647e-05
4.866000e-05	4.866000e-05	4.876244e-05
4.867000e-05	4.867000e-05	4.880650e-05
4.868000e-05	4.868000e-05	4.885057e-05
4.869000e-05	4.869000e-05	4.882652e-05
4.870000e-05	4.870000e-05	4.880249e-05
4.871000e-05	4.871000e-05	4.884655e-05
4.872000e-05	4.872000e-05	4.889064e-05
4.873000e-05	4.873000e-05	4.886658e-05
4.874000e-05	4.874000e-05	4.884253e-05
4.875000e-05	4.875000e-05	4.888661e-05
4.876000e-05	4.876000e-05	4.893070e-05
4.877000e-05	4.877000e-05	4.890664e-05
4.878000e-05	4.878000e-05	4.888257e-05
4.879000e-05	4.879000e-05	4.892666e-05
4.880000e-05	4.880000e-05	4.897077e-05
4.881000e-05	4.881000e-05	4.894669e-05
4.882000e-05	4.882000e-05	4.892261e-05
4.883000e-05	4.883000e-05	4.896672e-05
4.884000e-05	4.884000e-05	4.901084e-05
4.885000e-05	4.885000e-05	4.898674e-05
4.886000e-05	4.886000e-05	4.896266e-05
4.887000e-05	4.887000e-05	4.900677e-05
4.888000e-05	4.888000e-05	4.905090e-05
4.889000e-05	4.889000e-05	4.902680e-05
4.890000e-05	4.890000e-05	4.900270e-05
4.891000e-05	4.891000e-05	4.904682e-05
4.892000e-05	4.892000e-05	4.909097e-05
4.893000e-05	4.893000e-05	4.906685e-05
4.894000e-05	4.894000e-05	4.904273e-05
4.895000e-05	4.895000e-05	4.908687e-05
4.896000e-05	4.896000e-05	4.913103e-05
4.897000e-05	4.897000e-05	4.910690e-05
4.898000e-05	4.898000e-05	4.908277e-05
4.899000e-05	4.899000e-05	4.912693e-05
4.900000e-05	4.900000e-05	4.917110e-05
4.901000e-05	4.901000e-05	4.914695e-05
4.902000e-05	4.902000e-05	4.912281e-05
4.903000e-05	4.903000e-05	4.916697e-05
4.904000e-05	4.904000e-05	4.921116e-05
4.905000e-05	4.905000e-05	4.918700e-05
4.906000e-05	4.906000e-05	4.916285e-05
4.907000e-05	4.907000e-05	4.920702e-05
4.908000e-05	4.908000e-05	4.925122e-05
4.909000e-05	4.909000e-05	4.922705e-05
4.910000e-05	4.910000e-05	4.920288e-05
4.911000e-05	4.911000e-05	4.924707e-05
4.912000e-05	4.912000e-05	4.929128e-05
4.913000e-05	4.913000e-05	4.926710e-05
4.914000e-05	4.914000e-05	4.924292e-05
4.915000e-05	4.915000e-05	4.928712e-05
4.916000e-05	4.916000e-05	4.933134e-05
4.917000e-05	4.917000e-05	4.930714e-05
4.918000e-05	4.918000e-05	4.928295e-05
4.919000e-05	4.919000e-05	4.932717e-05
4.920000e-05	4.920000e-05	4.937140e-05
4.921000e-05	4.921000e-05	4.934719e-05
4.922000e-05	4.922000e-05	4.932298e-05
4.923000e-05	4.923000e-05	4.936721e-05
4.924000e-05	4.924000e-05	4.941146e-05
4.925000e-05	4.925000e-05	4.938723e-05
4.926000e-05	4.926000e-05	4.936302e-05
4.927000e-05	4.927000e-05	4.940726e-05
4.928000e-05	4.928000e-05	4.945152e-05
4.929000e-05	4.929000e-05	4.942728e-05
4.930000e-05	4.930000e-05	4.940305e-05
4.931000e-05	4.931000e-05	4.944730e-05
4.932000e-05	4.932000e-05	4.949157e-05
4.933000e-05	4.933000e-05	4.946732e-05
4.934000e-05	4.934000e-05	4.944308e-05
4.935000e-05	4.935000e-05	4.948734e-05
4.936000e-05	4.936000e-05	4.953163e-05
4.937000e-05	4.937000e-05	4.950737e-05
4.938000e-05	4.938000e-05	4.948311e-05
4.939000e-05	4.939000e-05	4.952739e-05
4.940000e-05	4.940000e-05	4.957168e-05
4.941000e-05	4.941000e-05	4.954741e-05
4.942000e-05	4.942000e-05	4.952314e-05
4.943000e-05	4.943000e-05	4.956743e-05
4.944000e-05	4.944000e-05	4.961174e-05
4.945000e-05	4.945000e-05	4.958745e-05
4.946000e-05	4.946000e-05	4.956317e-05
4.947000e-05	4.947000e-05	4.960747e-05
4.948000e-05	4.948000e-05	4.965179e-05
4.949000e-05	4.949000e-05	4.962749e-05
4.950000e-05	4.950000e-05	4.960319e-05
4.951000e-05	4.951000e-05	4.964751e-05
4.952000e-05	4.952000e-05	4.969184e-05
4.953000e-05	4.953000e-05	4.966753e-05
4.954000e-05	4.954000e-05	4.964322e-05
4.955000e-05	4.955000e-05	4.968755e-05
4.956000e-05	4.956000e-05	4.973189e-05
4.957000e-05	4.957000e-05	4.970757e-05
4.958000e-05	4.958000e-05	4.968325e-05
4.959000e-05	4.959000e-05	4.972759e-05
4.960000e-05	4.960000e-05	4.977194e-05
4.961000e-05	4.961000e-05	4.974761e-05
4.962000e-05	4.962000e-05	4.972327e-05
4.963000e-05	4.963000e-05	4.976762e-05
4.964000e-05	4.964000e-05	4.981199e-05
4.965000e-05	4.965000e-05	4.978764e-05
4.966000e-05	4.966000e-05	4.976330e-05
4.967000e-05	4.967000e-05	4.980766e-05
4.968000e-05	4.968000e-05	4.985204e-05
4.969000e-05	4.969000e-05	4.982768e-05
4.970000e-05	4.970000e-05	4.980332e-05
4.971000e-05	4.971000e-05	4.984770e-05
4.972000e-05	4.972000e-05	4.989209e-05
4.973000e-05	4.973000e-05	4.986771e-05
4.974000e-05	4.974000e-05	4.984334e-05
4.975000e-05	4.975000e-05	4.988773e-05
4.976000e-05	4.976000e-05	4.993214e-05
4.977000e-05	4.977000e-05	4.990775e-05
4.978000e-05	4.978000e-05	4.988336e-05
4.979000e-05	4.979000e-05	4.992777e-05
4.980000e-05	4.980000e-05	4.997219e-05
4.981000e-05	4.981000e-05	4.994778e-05
4.982000e-05	4.982000e-05	4.992338e-05
4.983000e-05	4.983000e-05	4.996780e-05
4.984000e-05	4.984000e-05	5.001223e-05
4.985000e-05	4.985000e-05	4.998782e-05
4.986000e-05	4.986000e-05	4.996342e-05
4.987000e-05	4.987000e-05	5.000784e-05
4.988000e-05	4.988000e-05	5.005228e-05
4.989000e-05	4.989000e-05	5.002785e-05
4.990000e-05	4.990000e-05	5.000344e-05
4.991000e-05	4.991000e-05	5.004787e-05
4.992000e-05	4.992000e-05	5.009232e-05
4.993000e-05	4.993000e-05	5.006789e-05
4.994000e-05	4.994000e-05	5.004346e-05
4.995000e-05	4.995000e-05	5.008790e-05
4.996000e-05	4.996000e-05	5.013236e-05
4.997000e-05	4.997000e-05	5.010792e-05
4.998000e-05	4.998000e-05	5.008347e-05
4.999000e-05	4.999000e-05	5.012793e-05
5.000000e-05	5.000000e-05	5.017241e-05
5.001000e-05	5.001000e-05	5.014795e-05
5.002000e-05	5.002000e-05	5.012349e-05
5.003000e-05	5.003000e-05	5.016796e-05
5.004000e-05	5.004000e-05	5.021245e-05
5.005000e-05	5.005000e-05	5.018798e-05
5.006000e-05	5.006000e-05	5.016351e-05
5.007000e-05	5.007000e-05	5.020799e-05
5.008000e-05	5.008000e-05	5.025249e-05
5.009000e-05	5.009000e-05	5.022800e-05
5.010000e-05	5.010000e-05	5.020352e-05
5.011000e-05	5.011000e-05	5.024802e-05
5.012000e-05	5.012000e-05	5.029253e-05
5.013000e-05	5.013000e-05	5.026803e-05
5.014000e-05	5.014000e-05	5.024354e-05
5.015000e-05	5.015000e-05	5.028804e-05
5.016000e-05	5.016000e-05	5.033257e-05
5.017000e-05	5.017000e-05	5.030806e-05
5.018000e-05	5.018000e-05	5.028355e-05
5.019000e-05	5.019000e-05	5.032807e-05
5.020000e-05	5.020000e-05	5.037261e-05
5.021000e-05	5.021000e-05	5.034808e-05
5.022000e-05	5.022000e-05	5.032356e-05
5.023000e-05	5.023000e-05	5.036810e-05
5.024000e-05	5.024000e-05	5.041264e-05
5.025000e-05	5.025000e-05	5.038811e-05
5.026000e-05	5.026000e-05	5.036358e-05
5.027000e-05	5.027000e-05	5.040812e-05
5.028000e-05	5.028000e-05	5.045268e-05
5.029000e-05	5.029000e-05	5.042813e-05
5.030000e-05	5.030000e-05	5.040359e-05
5.031000e-05	5.031000e-05	5.044814e-05
5.032000e-05	5.032000e-05	5.049272e-05
5.033000e-05	5.033000e-05	5.046815e-05
5.034000e-05	5.034000e-05	5.044360e-05
5.035000e-05	5.035000e-05	5.048817e-05
5.036000e-05	5.036000e-05	5.053275e-05
5.037000e-05	5.037000e-05	5.050818e-05
5.038000e-05	5.038000e-05	5.048361e-05
5.039000e-05	5.039000e-05	5.052819e-05
5.040000e-05	5.040000e-05	5.057279e-05
5.041000e-05	5.041000e-05	5.054820e-05
5.042000e-05	5.042000e-05	5.052362e-05
5.043000e-05	5.043000e-05	5.056821e-05
5.044000e-05	5.044000e-05	5.061282e-05
5.045000e-05	5.045000e-05	5.058822e-05
5.046000e-05	5.046000e-05	5.056362e-05
5.047000e-05	5.047000e-05	5.060823e-05
5.048000e-05	5.048000e-05	5.065285e-05
5.049000e-05	5.049000e-05	5.062824e-05
5.050000e-05	5.050000e-05	5.060363e-05
5.051000e-05	5.051000e-05	5.064825e-05
5.052000e-05	5.052000e-05	5.069288e-05
5.053000e-05	5.053000e-05	5.066826e-05
5.054000e-05	5.054000e-05	5.064364e-05
5.055000e-05	5.055000e-05	5.068827e-05
5.056000e-05	5.056000e-05	5.073292e-05
5.057000e-05	5.057000e-05	5.070828e-05
5.058000e-05	5.058000e-05	5.068364e-05
5.059000e-05	5.059000e-05	5.072829e-05
5.060000e-05	5.060000e-05	5.077295e-05
5.061000e-05	5.061000e-05	5.074829e-05
5.062000e-05	5.062000e-05	5.072365e-05
5.063000e-05	5.063000e-05	5.076830e-05
5.064000e-05	5.064000e-05	5.081298e-05
5.065000e-05	5.065000e-05	5.078831e-05
5.066000e-05	5.066000e-05	5.076365e-05
5.067000e-05	5.067000e-05	5.080832e-05
5.068000e-05	5.068000e-05	5.085300e-05
5.069000e-05	5.069000e-05	5.082833e-05
5.070000e-05	5.070000e-05	5.080366e-05
5.071000e-05	5.071000e-05	5.084834e-05
5.072000e-05	5.072000e-05	5.089303e-05
5.073000e-05	5.073000e-05	5.086834e-05
5.074000e-05	5.074000e-05	5.084366e-05
5.075000e-05	5.075000e-05	5.088835e-05
5.076000e-05	5.076000e-05	5.093306e-05
5.077000e-05	5.077000e-05	5.090836e-05
5.078000e-05	5.078000e-05	5.088366e-05
5.079000e-05	5.079000e-05	5.092836e-05
5.080000e-05	5.080000e-05	5.097309e-05
5.081000e-05	5.081000e-05	5.094837e-05
5.082000e-05	5.082000e-05	5.092366e-05
5.083000e-05	5.083000e-05	5.096838e-05
5.084000e-05	5.084000e-05	5.101311e-05
5.085000e-05	5.085000e-05	5.098838e-05
5.086000e-05	5.086000e-05	5.096366e-05
5.087000e-05	5.087000e-05	5.100839e-05
5.088000e-05	5.088000e-05	5.105313e-05
5.089000e-05	5.089000e-05	5.102839e-05
5.090000e-05	5.090000e-05	5.100366e-05
5.091000e-05	5.091000e-05	5.104840e-05
5.092000e-05	5.092000e-05	5.109316e-05
5.093000e-05	5.093000e-05	5.106841e-05
5.094000e-05	5.094000e-05	5.104366e-05
5.095000e-05	5.095000e-05	5.108841e-05
5.096000e-05	5.096000e-05	5.113318e-05
5.097000e-05	5.097000e-05	5.110842e-05
5.098000e-05	5.098000e-05	5.108366e-05
5.099000e-05	5.099000e-05	5.112842e-05
5.100000e-05	5.100000e-05	5.117320e-05
5.101000e-05	5.101000e-05	5.114842e-05
5.102000e-05	5.102000e-05	5.112365e-05
5.103000e-05	5.103000e-05	5.116843e-05
5.104000e-05	5.104000e-05	5.121322e-05
5.105000e-05	5.105000e-05	5.118843e-05
5.106000e-05	5.106000e-05	5.116365e-05
5.107000e-05	5.107000e-05	5.120844e-05
5.108000e-05	5.108000e-05	5.125324e-05
5.109000e-05	5.109000e-05	5.122844e-05
5.110000e-05	5.110000e-05	5.120364e-05
5.111000e-05	5.111000e-05	5.124844e-05
5.112000e-05	5.112000e-05	5.129326e-05
5.113000e-05	5.113000e-05	5.126845e-05
5.114000e-05	5.114000e-05	5.124364e-05
5.115000e-05	5.115000e-05	5.128845e-05
5.116000e-05	5.116000e-05	5.133328e-05
5.117000e-05	5.117000e-05	5.130845e-05
5.118000e-05	5.118000e-05	5.128363e-05
5.119000e-05	5.119000e-05	5.132846e-05
5.120000e-05	5.120000e-05	5.137330e-05
5.121000e-05	5.121000e-05	5.134846e-05
5.122000e-05	5.122000e-05	5.132362e-05
5.123000e-05	5.123000e-05	5.136846e-05
5.124000e-05	5.124000e-05	5.141332e-05
5.125000e-05	5.125000e-05	5.138846e-05
5.126000e-05	5.126000e-05	5.136361e-05
5.127000e-05	5.127000e-05	5.140846e-05
5.128000e-05	5.128000e-05	5.145333e-05
5.129000e-05	5.129000e-05	5.142847e-05
5.130000e-05	5.130000e-05	5.140360e-05
5.131000e-05	5.131000e-05	5.144847e-05
5.132000e-05	5.132000e-05	5.149335e-05
5.133000e-05	5.133000e-05	5.146847e-05
5.134000e-05	5.134000e-05	5.144359e-05
5.135000e-05	5.135000e-05	5.148847e-05
5.136000e-05	5.136000e-05	5.153336e-05
5.137000e-05	5.137000e-05	5.150847e-05
5.138000e-05	5.138000e-05	5.148358e-05
5.139000e-05	5.139000e-05	5.152847e-05
5.140000e-05	5.140000e-05	5.157338e-05
5.141000e-05	5.141000e-05	5.154847e-05
5.142000e-05	5.142000e-05	5.152357e-05
5.143000e-05	5.143000e-05	5.156847e-05
5.144000e-05	5.144000e-05	5.161339e-05
5.145000e-05	5.145000e-05	5.158847e-05
5.146000e-05	5.146000e-05	5.156356e-05
5.147000e-05	5.147000e-05	5.160847e-05
5.148000e-05	5.148000e-05	5.165340e-05
5.149000e-05	5.149000e-05	5.162847e-05
5.150000e-05	5.150000e-05	5.160355e-05
5.151000e-05	5.151000e-05	5.164847e-05
5.152000e-05	5.152000e-05	5.169341e-05
5.153000e-05	5.153000e-05	5.166847e-05
5.154000e-05	5.154000e-05	5.164353e-05
5.155000e-05	5.155000e-05	5.168847e-05
5.156000e-05	5.156000e-05	5.173342e-05
5.157000e-05	5.157000e-05	5.170847e-05
5.158000e-05	5.158000e-05	5.168352e-05
5.159000e-05	5.159000e-05	5.172846e-05
5.160000e-05	5.160000e-05	5.177343e-05
5.161000e-05	5.161000e-05	5.174846e-05
5.162000e-05	5.162000e-05	5.172350e-05
5.163000e-05	5.163000e-05	5.176846e-05
5.164000e-05	5.164000e-05	5.181344e-05
5.165000e-05	5.165000e-05	5.178846e-05
5.166000e-05	5.166000e-05	5.176348e-05
5.167000e-05	5.167000e-05	5.180846e-05
5.168000e-05	5.168000e-05	5.185345e-05
5.169000e-05	5.169000e-05	5.182845e-05
5.170000e-05	5.170000e-05	5.180347e-05
5.171000e-05	5.171000e-05	5.184845e-05
5.172000e-05	5.172000e-05	5.189345e-05
5.173000e-05	5.173000e-05	5.186845e-05
5.174000e-05	5.174000e-05	5.184345e-05
5.175000e-05	5.175000e-05	5.188844e-05
5.176000e-05	5.176000e-05	5.193346e-05
5.177000e-05	5.177000e-05	5.190844e-05
5.178000e-05	5.178000e-05	5.188343e-05
5.179000e-05	5.179000e-05	5.192844e-05
5.180000e-05	5.180000e-05	5.197346e-05
5.181000e-05	5.181000e-05	5.194843e-05
5.182000e-05	5.182000e-05	5.192341e-05
5.183000e-05	5.183000e-05	5.196843e-05
5.184000e-05	5.184000e-05	5.201347e-05
5.185000e-05	5.185000e-05	5.198843e-05
5.186000e-05	5.186000e-05	5.196339e-05
5.187000e-05	5.187000e-05	5.200842e-05
5.188000e-05	5.188000e-05	5.205347e-05
5.189000e-05	5.189000e-05	5.202842e-05
5.190000e-05	5.190000e-05	5.200337e-05
5.191000e-05	5.191000e-05	5.204841e-05
5.192000e-05	5.192000e-05	5.209348e-05
5.193000e-05	5.193000e-05	5.206841e-05
5.194000e-05	5.194000e-05	5.204334e-05
5.195000e-05	5.195000e-05	5.208840e-05
5.196000e-05	5.196000e-05	5.213348e-05
5.197000e-05	5.197000e-05	5.210840e-05
5.198000e-05	5.198000e-05	5.208332e-05
5.199000e-05	5.199000e-05	5.212839e-05
