sweep (current)	sweep (current)	id(m1a) (current)
3.800000e-05	3.800000e-05	3.806055e-05
3.801000e-05	3.801000e-05	3.806055e-05
3.802000e-05	3.802000e-05	3.806055e-05
3.803000e-05	3.803000e-05	3.810043e-05
3.804000e-05	3.804000e-05	3.814034e-05
3.805000e-05	3.805000e-05	3.812059e-05
3.806000e-05	3.806000e-05	3.810084e-05
3.807000e-05	3.807000e-05	3.814072e-05
3.808000e-05	3.808000e-05	3.818063e-05
3.809000e-05	3.809000e-05	3.816086e-05
3.810000e-05	3.810000e-05	3.814110e-05
3.811000e-05	3.811000e-05	3.818100e-05
3.812000e-05	3.812000e-05	3.822092e-05
3.813000e-05	3.813000e-05	3.820114e-05
3.814000e-05	3.814000e-05	3.818136e-05
3.815000e-05	3.815000e-05	3.822128e-05
3.816000e-05	3.816000e-05	3.826122e-05
3.817000e-05	3.817000e-05	3.824142e-05
3.818000e-05	3.818000e-05	3.822163e-05
3.819000e-05	3.819000e-05	3.826156e-05
3.820000e-05	3.820000e-05	3.830151e-05
3.821000e-05	3.821000e-05	3.828170e-05
3.822000e-05	3.822000e-05	3.826189e-05
3.823000e-05	3.823000e-05	3.830184e-05
3.824000e-05	3.824000e-05	3.834180e-05
3.825000e-05	3.825000e-05	3.832198e-05
3.826000e-05	3.826000e-05	3.830215e-05
3.827000e-05	3.827000e-05	3.834212e-05
3.828000e-05	3.828000e-05	3.838210e-05
3.829000e-05	3.829000e-05	3.836226e-05
3.830000e-05	3.830000e-05	3.834242e-05
3.831000e-05	3.831000e-05	3.838240e-05
3.832000e-05	3.832000e-05	3.842239e-05
3.833000e-05	3.833000e-05	3.840253e-05
3.834000e-05	3.834000e-05	3.838268e-05
3.835000e-05	3.835000e-05	3.842267e-05
3.836000e-05	3.836000e-05	3.846269e-05
3.837000e-05	3.837000e-05	3.844281e-05
3.838000e-05	3.838000e-05	3.842295e-05
3.839000e-05	3.839000e-05	3.846295e-05
3.840000e-05	3.840000e-05	3.850298e-05
3.841000e-05	3.841000e-05	3.848309e-05
3.842000e-05	3.842000e-05	3.846321e-05
3.843000e-05	3.843000e-05	3.850323e-05
3.844000e-05	3.844000e-05	3.854328e-05
3.845000e-05	3.845000e-05	3.852337e-05
3.846000e-05	3.846000e-05	3.850348e-05
3.847000e-05	3.847000e-05	3.854351e-05
3.848000e-05	3.848000e-05	3.858357e-05
3.849000e-05	3.849000e-05	3.856365e-05
3.850000e-05	3.850000e-05	3.854374e-05
3.851000e-05	3.851000e-05	3.858380e-05
3.852000e-05	3.852000e-05	3.862387e-05
3.853000e-05	3.853000e-05	3.860394e-05
3.854000e-05	3.854000e-05	3.858401e-05
3.855000e-05	3.855000e-05	3.862408e-05
3.856000e-05	3.856000e-05	3.866416e-05
3.857000e-05	3.857000e-05	3.864422e-05
3.858000e-05	3.858000e-05	3.862427e-05
3.859000e-05	3.859000e-05	3.866436e-05
3.860000e-05	3.860000e-05	3.870446e-05
3.861000e-05	3.861000e-05	3.868450e-05
3.862000e-05	3.862000e-05	3.866454e-05
3.863000e-05	3.863000e-05	3.870464e-05
3.864000e-05	3.864000e-05	3.874476e-05
3.865000e-05	3.865000e-05	3.872478e-05
3.866000e-05	3.866000e-05	3.870481e-05
3.867000e-05	3.867000e-05	3.874492e-05
3.868000e-05	3.868000e-05	3.878505e-05
3.869000e-05	3.869000e-05	3.876506e-05
3.870000e-05	3.870000e-05	3.874507e-05
3.871000e-05	3.871000e-05	3.878520e-05
3.872000e-05	3.872000e-05	3.882535e-05
3.873000e-05	3.873000e-05	3.880534e-05
3.874000e-05	3.874000e-05	3.878534e-05
3.875000e-05	3.875000e-05	3.882548e-05
3.876000e-05	3.876000e-05	3.886565e-05
3.877000e-05	3.877000e-05	3.884562e-05
3.878000e-05	3.878000e-05	3.882561e-05
3.879000e-05	3.879000e-05	3.886576e-05
3.880000e-05	3.880000e-05	3.890594e-05
3.881000e-05	3.881000e-05	3.888591e-05
3.882000e-05	3.882000e-05	3.886587e-05
3.883000e-05	3.883000e-05	3.890605e-05
3.884000e-05	3.884000e-05	3.894624e-05
3.885000e-05	3.885000e-05	3.892619e-05
3.886000e-05	3.886000e-05	3.890614e-05
3.887000e-05	3.887000e-05	3.894633e-05
3.888000e-05	3.888000e-05	3.898654e-05
3.889000e-05	3.889000e-05	3.896647e-05
3.890000e-05	3.890000e-05	3.894641e-05
3.891000e-05	3.891000e-05	3.898661e-05
3.892000e-05	3.892000e-05	3.902683e-05
3.893000e-05	3.893000e-05	3.900675e-05
3.894000e-05	3.894000e-05	3.898668e-05
3.895000e-05	3.895000e-05	3.902689e-05
3.896000e-05	3.896000e-05	3.906713e-05
3.897000e-05	3.897000e-05	3.904704e-05
3.898000e-05	3.898000e-05	3.902695e-05
3.899000e-05	3.899000e-05	3.906718e-05
3.900000e-05	3.900000e-05	3.910743e-05
3.901000e-05	3.901000e-05	3.908732e-05
3.902000e-05	3.902000e-05	3.906721e-05
3.903000e-05	3.903000e-05	3.910746e-05
3.904000e-05	3.904000e-05	3.914773e-05
3.905000e-05	3.905000e-05	3.912760e-05
3.906000e-05	3.906000e-05	3.910748e-05
3.907000e-05	3.907000e-05	3.914774e-05
3.908000e-05	3.908000e-05	3.918803e-05
3.909000e-05	3.909000e-05	3.916789e-05
3.910000e-05	3.910000e-05	3.914775e-05
3.911000e-05	3.911000e-05	3.918803e-05
3.912000e-05	3.912000e-05	3.922832e-05
3.913000e-05	3.913000e-05	3.920817e-05
3.914000e-05	3.914000e-05	3.918802e-05
3.915000e-05	3.915000e-05	3.922831e-05
3.916000e-05	3.916000e-05	3.926862e-05
3.917000e-05	3.917000e-05	3.924845e-05
3.918000e-05	3.918000e-05	3.922829e-05
3.919000e-05	3.919000e-05	3.926859e-05
3.920000e-05	3.920000e-05	3.930892e-05
3.921000e-05	3.921000e-05	3.928874e-05
3.922000e-05	3.922000e-05	3.926856e-05
3.923000e-05	3.923000e-05	3.930888e-05
3.924000e-05	3.924000e-05	3.934922e-05
3.925000e-05	3.925000e-05	3.932902e-05
3.926000e-05	3.926000e-05	3.930883e-05
3.927000e-05	3.927000e-05	3.934916e-05
3.928000e-05	3.928000e-05	3.938952e-05
3.929000e-05	3.929000e-05	3.936930e-05
3.930000e-05	3.930000e-05	3.934910e-05
3.931000e-05	3.931000e-05	3.938945e-05
3.932000e-05	3.932000e-05	3.942982e-05
3.933000e-05	3.933000e-05	3.940959e-05
3.934000e-05	3.934000e-05	3.938936e-05
3.935000e-05	3.935000e-05	3.942973e-05
3.936000e-05	3.936000e-05	3.947012e-05
3.937000e-05	3.937000e-05	3.944987e-05
3.938000e-05	3.938000e-05	3.942963e-05
3.939000e-05	3.939000e-05	3.947002e-05
3.940000e-05	3.940000e-05	3.951042e-05
3.941000e-05	3.941000e-05	3.949016e-05
3.942000e-05	3.942000e-05	3.946990e-05
3.943000e-05	3.943000e-05	3.951030e-05
3.944000e-05	3.944000e-05	3.955072e-05
3.945000e-05	3.945000e-05	3.953044e-05
3.946000e-05	3.946000e-05	3.951017e-05
3.947000e-05	3.947000e-05	3.955058e-05
3.948000e-05	3.948000e-05	3.959102e-05
3.949000e-05	3.949000e-05	3.957073e-05
3.950000e-05	3.950000e-05	3.955044e-05
3.951000e-05	3.951000e-05	3.959087e-05
3.952000e-05	3.952000e-05	3.963132e-05
3.953000e-05	3.953000e-05	3.961101e-05
3.954000e-05	3.954000e-05	3.959071e-05
3.955000e-05	3.955000e-05	3.963115e-05
3.956000e-05	3.956000e-05	3.967161e-05
3.957000e-05	3.957000e-05	3.965130e-05
3.958000e-05	3.958000e-05	3.963098e-05
3.959000e-05	3.959000e-05	3.967144e-05
3.960000e-05	3.960000e-05	3.971191e-05
3.961000e-05	3.961000e-05	3.969158e-05
3.962000e-05	3.962000e-05	3.967125e-05
3.963000e-05	3.963000e-05	3.971172e-05
3.964000e-05	3.964000e-05	3.975221e-05
3.965000e-05	3.965000e-05	3.973187e-05
3.966000e-05	3.966000e-05	3.971152e-05
3.967000e-05	3.967000e-05	3.975201e-05
3.968000e-05	3.968000e-05	3.979251e-05
3.969000e-05	3.969000e-05	3.977215e-05
3.970000e-05	3.970000e-05	3.975179e-05
3.971000e-05	3.971000e-05	3.979229e-05
3.972000e-05	3.972000e-05	3.983281e-05
3.973000e-05	3.973000e-05	3.981244e-05
3.974000e-05	3.974000e-05	3.979206e-05
3.975000e-05	3.975000e-05	3.983258e-05
3.976000e-05	3.976000e-05	3.987311e-05
3.977000e-05	3.977000e-05	3.985272e-05
3.978000e-05	3.978000e-05	3.983234e-05
3.979000e-05	3.979000e-05	3.987286e-05
3.980000e-05	3.980000e-05	3.991341e-05
3.981000e-05	3.981000e-05	3.989301e-05
3.982000e-05	3.982000e-05	3.987261e-05
3.983000e-05	3.983000e-05	3.991315e-05
3.984000e-05	3.984000e-05	3.995371e-05
3.985000e-05	3.985000e-05	3.993329e-05
3.986000e-05	3.986000e-05	3.991288e-05
3.987000e-05	3.987000e-05	3.995344e-05
3.988000e-05	3.988000e-05	3.999401e-05
3.989000e-05	3.989000e-05	3.997358e-05
3.990000e-05	3.990000e-05	3.995315e-05
3.991000e-05	3.991000e-05	3.999372e-05
3.992000e-05	3.992000e-05	4.003431e-05
3.993000e-05	3.993000e-05	4.001386e-05
3.994000e-05	3.994000e-05	3.999342e-05
3.995000e-05	3.995000e-05	4.003401e-05
3.996000e-05	3.996000e-05	4.007462e-05
3.997000e-05	3.997000e-05	4.005415e-05
3.998000e-05	3.998000e-05	4.003369e-05
3.999000e-05	3.999000e-05	4.007429e-05
4.000000e-05	4.000000e-05	4.011492e-05
4.001000e-05	4.001000e-05	4.009444e-05
4.002000e-05	4.002000e-05	4.007396e-05
4.003000e-05	4.003000e-05	4.011458e-05
4.004000e-05	4.004000e-05	4.015522e-05
4.005000e-05	4.005000e-05	4.013472e-05
4.006000e-05	4.006000e-05	4.011423e-05
4.007000e-05	4.007000e-05	4.015486e-05
4.008000e-05	4.008000e-05	4.019552e-05
4.009000e-05	4.009000e-05	4.017501e-05
4.010000e-05	4.010000e-05	4.015450e-05
4.011000e-05	4.011000e-05	4.019515e-05
4.012000e-05	4.012000e-05	4.023582e-05
4.013000e-05	4.013000e-05	4.021529e-05
4.014000e-05	4.014000e-05	4.019477e-05
4.015000e-05	4.015000e-05	4.023544e-05
4.016000e-05	4.016000e-05	4.027612e-05
4.017000e-05	4.017000e-05	4.025558e-05
4.018000e-05	4.018000e-05	4.023504e-05
4.019000e-05	4.019000e-05	4.027572e-05
4.020000e-05	4.020000e-05	4.031642e-05
4.021000e-05	4.021000e-05	4.029586e-05
4.022000e-05	4.022000e-05	4.027532e-05
4.023000e-05	4.023000e-05	4.031601e-05
4.024000e-05	4.024000e-05	4.035672e-05
4.025000e-05	4.025000e-05	4.033615e-05
4.026000e-05	4.026000e-05	4.031559e-05
4.027000e-05	4.027000e-05	4.035629e-05
4.028000e-05	4.028000e-05	4.039702e-05
4.029000e-05	4.029000e-05	4.037644e-05
4.030000e-05	4.030000e-05	4.035586e-05
4.031000e-05	4.031000e-05	4.039658e-05
4.032000e-05	4.032000e-05	4.043732e-05
4.033000e-05	4.033000e-05	4.041672e-05
4.034000e-05	4.034000e-05	4.039613e-05
4.035000e-05	4.035000e-05	4.043686e-05
4.036000e-05	4.036000e-05	4.047762e-05
4.037000e-05	4.037000e-05	4.045701e-05
4.038000e-05	4.038000e-05	4.043640e-05
4.039000e-05	4.039000e-05	4.047715e-05
4.040000e-05	4.040000e-05	4.051792e-05
4.041000e-05	4.041000e-05	4.049729e-05
4.042000e-05	4.042000e-05	4.047667e-05
4.043000e-05	4.043000e-05	4.051744e-05
4.044000e-05	4.044000e-05	4.055822e-05
4.045000e-05	4.045000e-05	4.053758e-05
4.046000e-05	4.046000e-05	4.051694e-05
4.047000e-05	4.047000e-05	4.055772e-05
4.048000e-05	4.048000e-05	4.059852e-05
4.049000e-05	4.049000e-05	4.057786e-05
4.050000e-05	4.050000e-05	4.055721e-05
4.051000e-05	4.051000e-05	4.059801e-05
4.052000e-05	4.052000e-05	4.063882e-05
4.053000e-05	4.053000e-05	4.061815e-05
4.054000e-05	4.054000e-05	4.059748e-05
4.055000e-05	4.055000e-05	4.063829e-05
4.056000e-05	4.056000e-05	4.067912e-05
4.057000e-05	4.057000e-05	4.065843e-05
4.058000e-05	4.058000e-05	4.063775e-05
4.059000e-05	4.059000e-05	4.067858e-05
4.060000e-05	4.060000e-05	4.071942e-05
4.061000e-05	4.061000e-05	4.069872e-05
4.062000e-05	4.062000e-05	4.067803e-05
4.063000e-05	4.063000e-05	4.071886e-05
4.064000e-05	4.064000e-05	4.075972e-05
4.065000e-05	4.065000e-05	4.073901e-05
4.066000e-05	4.066000e-05	4.071830e-05
4.067000e-05	4.067000e-05	4.075915e-05
4.068000e-05	4.068000e-05	4.080002e-05
4.069000e-05	4.069000e-05	4.077929e-05
4.070000e-05	4.070000e-05	4.075857e-05
4.071000e-05	4.071000e-05	4.079943e-05
4.072000e-05	4.072000e-05	4.084032e-05
4.073000e-05	4.073000e-05	4.081958e-05
4.074000e-05	4.074000e-05	4.079884e-05
4.075000e-05	4.075000e-05	4.083972e-05
4.076000e-05	4.076000e-05	4.088062e-05
4.077000e-05	4.077000e-05	4.085986e-05
4.078000e-05	4.078000e-05	4.083911e-05
4.079000e-05	4.079000e-05	4.088001e-05
4.080000e-05	4.080000e-05	4.092092e-05
4.081000e-05	4.081000e-05	4.090015e-05
4.082000e-05	4.082000e-05	4.087938e-05
4.083000e-05	4.083000e-05	4.092029e-05
4.084000e-05	4.084000e-05	4.096122e-05
4.085000e-05	4.085000e-05	4.094043e-05
4.086000e-05	4.086000e-05	4.091965e-05
4.087000e-05	4.087000e-05	4.096058e-05
4.088000e-05	4.088000e-05	4.100152e-05
4.089000e-05	4.089000e-05	4.098072e-05
4.090000e-05	4.090000e-05	4.095992e-05
4.091000e-05	4.091000e-05	4.100086e-05
4.092000e-05	4.092000e-05	4.104182e-05
4.093000e-05	4.093000e-05	4.102100e-05
4.094000e-05	4.094000e-05	4.100019e-05
4.095000e-05	4.095000e-05	4.104115e-05
4.096000e-05	4.096000e-05	4.108212e-05
4.097000e-05	4.097000e-05	4.106129e-05
4.098000e-05	4.098000e-05	4.104046e-05
4.099000e-05	4.099000e-05	4.108143e-05
4.100000e-05	4.100000e-05	4.112242e-05
4.101000e-05	4.101000e-05	4.110157e-05
4.102000e-05	4.102000e-05	4.108073e-05
4.103000e-05	4.103000e-05	4.112172e-05
4.104000e-05	4.104000e-05	4.116272e-05
4.105000e-05	4.105000e-05	4.114186e-05
4.106000e-05	4.106000e-05	4.112100e-05
4.107000e-05	4.107000e-05	4.116200e-05
4.108000e-05	4.108000e-05	4.120302e-05
4.109000e-05	4.109000e-05	4.118214e-05
4.110000e-05	4.110000e-05	4.116127e-05
4.111000e-05	4.111000e-05	4.120229e-05
4.112000e-05	4.112000e-05	4.124332e-05
4.113000e-05	4.113000e-05	4.122243e-05
4.114000e-05	4.114000e-05	4.120154e-05
4.115000e-05	4.115000e-05	4.124257e-05
4.116000e-05	4.116000e-05	4.128362e-05
4.117000e-05	4.117000e-05	4.126271e-05
4.118000e-05	4.118000e-05	4.124181e-05
4.119000e-05	4.119000e-05	4.128285e-05
4.120000e-05	4.120000e-05	4.132391e-05
4.121000e-05	4.121000e-05	4.130300e-05
4.122000e-05	4.122000e-05	4.128208e-05
4.123000e-05	4.123000e-05	4.132314e-05
4.124000e-05	4.124000e-05	4.136421e-05
4.125000e-05	4.125000e-05	4.134328e-05
4.126000e-05	4.126000e-05	4.132235e-05
4.127000e-05	4.127000e-05	4.136342e-05
4.128000e-05	4.128000e-05	4.140451e-05
4.129000e-05	4.129000e-05	4.138357e-05
4.130000e-05	4.130000e-05	4.136262e-05
4.131000e-05	4.131000e-05	4.140371e-05
4.132000e-05	4.132000e-05	4.144481e-05
4.133000e-05	4.133000e-05	4.142385e-05
4.134000e-05	4.134000e-05	4.140289e-05
4.135000e-05	4.135000e-05	4.144399e-05
4.136000e-05	4.136000e-05	4.148511e-05
4.137000e-05	4.137000e-05	4.146413e-05
4.138000e-05	4.138000e-05	4.144316e-05
4.139000e-05	4.139000e-05	4.148428e-05
4.140000e-05	4.140000e-05	4.152541e-05
4.141000e-05	4.141000e-05	4.150442e-05
4.142000e-05	4.142000e-05	4.148343e-05
4.143000e-05	4.143000e-05	4.152456e-05
4.144000e-05	4.144000e-05	4.156571e-05
4.145000e-05	4.145000e-05	4.154470e-05
4.146000e-05	4.146000e-05	4.152370e-05
4.147000e-05	4.147000e-05	4.156484e-05
4.148000e-05	4.148000e-05	4.160600e-05
4.149000e-05	4.149000e-05	4.158498e-05
4.150000e-05	4.150000e-05	4.156397e-05
4.151000e-05	4.151000e-05	4.160513e-05
4.152000e-05	4.152000e-05	4.164630e-05
4.153000e-05	4.153000e-05	4.162527e-05
4.154000e-05	4.154000e-05	4.160424e-05
4.155000e-05	4.155000e-05	4.164541e-05
4.156000e-05	4.156000e-05	4.168660e-05
4.157000e-05	4.157000e-05	4.166555e-05
4.158000e-05	4.158000e-05	4.164451e-05
4.159000e-05	4.159000e-05	4.168569e-05
4.160000e-05	4.160000e-05	4.172690e-05
4.161000e-05	4.161000e-05	4.170583e-05
4.162000e-05	4.162000e-05	4.168478e-05
4.163000e-05	4.163000e-05	4.172598e-05
4.164000e-05	4.164000e-05	4.176719e-05
4.165000e-05	4.165000e-05	4.174612e-05
4.166000e-05	4.166000e-05	4.172505e-05
4.167000e-05	4.167000e-05	4.176626e-05
4.168000e-05	4.168000e-05	4.180749e-05
4.169000e-05	4.169000e-05	4.178640e-05
4.170000e-05	4.170000e-05	4.176531e-05
4.171000e-05	4.171000e-05	4.180654e-05
4.172000e-05	4.172000e-05	4.184779e-05
4.173000e-05	4.173000e-05	4.182668e-05
4.174000e-05	4.174000e-05	4.180558e-05
4.175000e-05	4.175000e-05	4.184682e-05
4.176000e-05	4.176000e-05	4.188809e-05
4.177000e-05	4.177000e-05	4.186697e-05
4.178000e-05	4.178000e-05	4.184585e-05
4.179000e-05	4.179000e-05	4.188711e-05
4.180000e-05	4.180000e-05	4.192838e-05
4.181000e-05	4.181000e-05	4.190725e-05
4.182000e-05	4.182000e-05	4.188612e-05
4.183000e-05	4.183000e-05	4.192739e-05
4.184000e-05	4.184000e-05	4.196868e-05
4.185000e-05	4.185000e-05	4.194753e-05
4.186000e-05	4.186000e-05	4.192639e-05
4.187000e-05	4.187000e-05	4.196767e-05
4.188000e-05	4.188000e-05	4.200897e-05
4.189000e-05	4.189000e-05	4.198781e-05
4.190000e-05	4.190000e-05	4.196665e-05
4.191000e-05	4.191000e-05	4.200795e-05
4.192000e-05	4.192000e-05	4.204927e-05
4.193000e-05	4.193000e-05	4.202809e-05
4.194000e-05	4.194000e-05	4.200692e-05
4.195000e-05	4.195000e-05	4.204823e-05
4.196000e-05	4.196000e-05	4.208957e-05
4.197000e-05	4.197000e-05	4.206837e-05
4.198000e-05	4.198000e-05	4.204719e-05
4.199000e-05	4.199000e-05	4.208852e-05
4.200000e-05	4.200000e-05	4.212986e-05
4.201000e-05	4.201000e-05	4.210866e-05
4.202000e-05	4.202000e-05	4.208746e-05
4.203000e-05	4.203000e-05	4.212880e-05
4.204000e-05	4.204000e-05	4.217016e-05
4.205000e-05	4.205000e-05	4.214894e-05
4.206000e-05	4.206000e-05	4.212772e-05
4.207000e-05	4.207000e-05	4.216908e-05
4.208000e-05	4.208000e-05	4.221045e-05
4.209000e-05	4.209000e-05	4.218922e-05
4.210000e-05	4.210000e-05	4.216799e-05
4.211000e-05	4.211000e-05	4.220936e-05
4.212000e-05	4.212000e-05	4.225075e-05
4.213000e-05	4.213000e-05	4.222950e-05
4.214000e-05	4.214000e-05	4.220825e-05
4.215000e-05	4.215000e-05	4.224964e-05
4.216000e-05	4.216000e-05	4.229104e-05
4.217000e-05	4.217000e-05	4.226978e-05
4.218000e-05	4.218000e-05	4.224852e-05
4.219000e-05	4.219000e-05	4.228992e-05
4.220000e-05	4.220000e-05	4.233134e-05
4.221000e-05	4.221000e-05	4.231006e-05
4.222000e-05	4.222000e-05	4.228879e-05
4.223000e-05	4.223000e-05	4.233020e-05
4.224000e-05	4.224000e-05	4.237163e-05
4.225000e-05	4.225000e-05	4.235034e-05
4.226000e-05	4.226000e-05	4.232905e-05
4.227000e-05	4.227000e-05	4.237048e-05
4.228000e-05	4.228000e-05	4.241193e-05
4.229000e-05	4.229000e-05	4.239062e-05
4.230000e-05	4.230000e-05	4.236932e-05
4.231000e-05	4.231000e-05	4.241076e-05
4.232000e-05	4.232000e-05	4.245222e-05
4.233000e-05	4.233000e-05	4.243090e-05
4.234000e-05	4.234000e-05	4.240958e-05
4.235000e-05	4.235000e-05	4.245104e-05
4.236000e-05	4.236000e-05	4.249251e-05
4.237000e-05	4.237000e-05	4.247118e-05
4.238000e-05	4.238000e-05	4.244985e-05
4.239000e-05	4.239000e-05	4.249132e-05
4.240000e-05	4.240000e-05	4.253281e-05
4.241000e-05	4.241000e-05	4.251146e-05
4.242000e-05	4.242000e-05	4.249011e-05
4.243000e-05	4.243000e-05	4.253160e-05
4.244000e-05	4.244000e-05	4.257310e-05
4.245000e-05	4.245000e-05	4.255174e-05
4.246000e-05	4.246000e-05	4.253038e-05
4.247000e-05	4.247000e-05	4.257188e-05
4.248000e-05	4.248000e-05	4.261339e-05
4.249000e-05	4.249000e-05	4.259202e-05
4.250000e-05	4.250000e-05	4.257064e-05
4.251000e-05	4.251000e-05	4.261215e-05
4.252000e-05	4.252000e-05	4.265369e-05
4.253000e-05	4.253000e-05	4.263229e-05
4.254000e-05	4.254000e-05	4.261091e-05
4.255000e-05	4.255000e-05	4.265243e-05
4.256000e-05	4.256000e-05	4.269398e-05
4.257000e-05	4.257000e-05	4.267257e-05
4.258000e-05	4.258000e-05	4.265117e-05
4.259000e-05	4.259000e-05	4.269271e-05
4.260000e-05	4.260000e-05	4.273427e-05
4.261000e-05	4.261000e-05	4.271285e-05
4.262000e-05	4.262000e-05	4.269143e-05
4.263000e-05	4.263000e-05	4.273299e-05
4.264000e-05	4.264000e-05	4.277456e-05
4.265000e-05	4.265000e-05	4.275313e-05
4.266000e-05	4.266000e-05	4.273170e-05
4.267000e-05	4.267000e-05	4.277327e-05
4.268000e-05	4.268000e-05	4.281485e-05
4.269000e-05	4.269000e-05	4.279340e-05
4.270000e-05	4.270000e-05	4.277196e-05
4.271000e-05	4.271000e-05	4.281354e-05
4.272000e-05	4.272000e-05	4.285515e-05
4.273000e-05	4.273000e-05	4.283368e-05
4.274000e-05	4.274000e-05	4.281222e-05
4.275000e-05	4.275000e-05	4.285382e-05
4.276000e-05	4.276000e-05	4.289544e-05
4.277000e-05	4.277000e-05	4.287396e-05
4.278000e-05	4.278000e-05	4.285249e-05
4.279000e-05	4.279000e-05	4.289410e-05
4.280000e-05	4.280000e-05	4.293573e-05
4.281000e-05	4.281000e-05	4.291423e-05
4.282000e-05	4.282000e-05	4.289275e-05
4.283000e-05	4.283000e-05	4.293437e-05
4.284000e-05	4.284000e-05	4.297602e-05
4.285000e-05	4.285000e-05	4.295451e-05
4.286000e-05	4.286000e-05	4.293301e-05
4.287000e-05	4.287000e-05	4.297465e-05
4.288000e-05	4.288000e-05	4.301631e-05
4.289000e-05	4.289000e-05	4.299479e-05
4.290000e-05	4.290000e-05	4.297327e-05
4.291000e-05	4.291000e-05	4.301492e-05
4.292000e-05	4.292000e-05	4.305660e-05
4.293000e-05	4.293000e-05	4.303506e-05
4.294000e-05	4.294000e-05	4.301353e-05
4.295000e-05	4.295000e-05	4.305520e-05
4.296000e-05	4.296000e-05	4.309689e-05
4.297000e-05	4.297000e-05	4.307534e-05
4.298000e-05	4.298000e-05	4.305379e-05
4.299000e-05	4.299000e-05	4.309548e-05
4.300000e-05	4.300000e-05	4.313718e-05
4.301000e-05	4.301000e-05	4.311561e-05
4.302000e-05	4.302000e-05	4.309406e-05
4.303000e-05	4.303000e-05	4.313575e-05
4.304000e-05	4.304000e-05	4.317747e-05
4.305000e-05	4.305000e-05	4.315589e-05
4.306000e-05	4.306000e-05	4.313432e-05
4.307000e-05	4.307000e-05	4.317603e-05
4.308000e-05	4.308000e-05	4.321775e-05
4.309000e-05	4.309000e-05	4.319616e-05
4.310000e-05	4.310000e-05	4.317458e-05
4.311000e-05	4.311000e-05	4.321630e-05
4.312000e-05	4.312000e-05	4.325804e-05
4.313000e-05	4.313000e-05	4.323644e-05
4.314000e-05	4.314000e-05	4.321484e-05
4.315000e-05	4.315000e-05	4.325657e-05
4.316000e-05	4.316000e-05	4.329833e-05
4.317000e-05	4.317000e-05	4.327671e-05
4.318000e-05	4.318000e-05	4.325510e-05
4.319000e-05	4.319000e-05	4.329685e-05
4.320000e-05	4.320000e-05	4.333862e-05
4.321000e-05	4.321000e-05	4.331698e-05
4.322000e-05	4.322000e-05	4.329535e-05
4.323000e-05	4.323000e-05	4.333712e-05
4.324000e-05	4.324000e-05	4.337891e-05
4.325000e-05	4.325000e-05	4.335726e-05
4.326000e-05	4.326000e-05	4.333561e-05
4.327000e-05	4.327000e-05	4.337739e-05
4.328000e-05	4.328000e-05	4.341919e-05
4.329000e-05	4.329000e-05	4.339753e-05
4.330000e-05	4.330000e-05	4.337587e-05
4.331000e-05	4.331000e-05	4.341767e-05
4.332000e-05	4.332000e-05	4.345948e-05
4.333000e-05	4.333000e-05	4.343780e-05
4.334000e-05	4.334000e-05	4.341613e-05
4.335000e-05	4.335000e-05	4.345794e-05
4.336000e-05	4.336000e-05	4.349977e-05
4.337000e-05	4.337000e-05	4.347807e-05
4.338000e-05	4.338000e-05	4.345639e-05
4.339000e-05	4.339000e-05	4.349821e-05
4.340000e-05	4.340000e-05	4.354005e-05
4.341000e-05	4.341000e-05	4.351835e-05
4.342000e-05	4.342000e-05	4.349665e-05
4.343000e-05	4.343000e-05	4.353848e-05
4.344000e-05	4.344000e-05	4.358034e-05
4.345000e-05	4.345000e-05	4.355862e-05
4.346000e-05	4.346000e-05	4.353690e-05
4.347000e-05	4.347000e-05	4.357875e-05
4.348000e-05	4.348000e-05	4.362062e-05
4.349000e-05	4.349000e-05	4.359889e-05
4.350000e-05	4.350000e-05	4.357716e-05
4.351000e-05	4.351000e-05	4.361902e-05
4.352000e-05	4.352000e-05	4.366091e-05
4.353000e-05	4.353000e-05	4.363916e-05
4.354000e-05	4.354000e-05	4.361742e-05
4.355000e-05	4.355000e-05	4.365930e-05
4.356000e-05	4.356000e-05	4.370119e-05
4.357000e-05	4.357000e-05	4.367943e-05
4.358000e-05	4.358000e-05	4.365767e-05
4.359000e-05	4.359000e-05	4.369957e-05
4.360000e-05	4.360000e-05	4.374148e-05
4.361000e-05	4.361000e-05	4.371970e-05
4.362000e-05	4.362000e-05	4.369793e-05
4.363000e-05	4.363000e-05	4.373984e-05
4.364000e-05	4.364000e-05	4.378176e-05
4.365000e-05	4.365000e-05	4.375997e-05
4.366000e-05	4.366000e-05	4.373819e-05
4.367000e-05	4.367000e-05	4.378010e-05
4.368000e-05	4.368000e-05	4.382204e-05
4.369000e-05	4.369000e-05	4.380024e-05
4.370000e-05	4.370000e-05	4.377844e-05
4.371000e-05	4.371000e-05	4.382037e-05
4.372000e-05	4.372000e-05	4.386233e-05
4.373000e-05	4.373000e-05	4.384051e-05
4.374000e-05	4.374000e-05	4.381870e-05
4.375000e-05	4.375000e-05	4.386064e-05
4.376000e-05	4.376000e-05	4.390261e-05
4.377000e-05	4.377000e-05	4.388078e-05
4.378000e-05	4.378000e-05	4.385895e-05
4.379000e-05	4.379000e-05	4.390091e-05
4.380000e-05	4.380000e-05	4.394289e-05
4.381000e-05	4.381000e-05	4.392105e-05
4.382000e-05	4.382000e-05	4.389920e-05
4.383000e-05	4.383000e-05	4.394118e-05
4.384000e-05	4.384000e-05	4.398317e-05
4.385000e-05	4.385000e-05	4.396131e-05
4.386000e-05	4.386000e-05	4.393946e-05
4.387000e-05	4.387000e-05	4.398145e-05
4.388000e-05	4.388000e-05	4.402346e-05
4.389000e-05	4.389000e-05	4.400158e-05
4.390000e-05	4.390000e-05	4.397971e-05
4.391000e-05	4.391000e-05	4.402171e-05
4.392000e-05	4.392000e-05	4.406374e-05
4.393000e-05	4.393000e-05	4.404185e-05
4.394000e-05	4.394000e-05	4.401997e-05
4.395000e-05	4.395000e-05	4.406198e-05
4.396000e-05	4.396000e-05	4.410402e-05
4.397000e-05	4.397000e-05	4.408211e-05
4.398000e-05	4.398000e-05	4.406022e-05
4.399000e-05	4.399000e-05	4.410225e-05
4.400000e-05	4.400000e-05	4.414430e-05
4.401000e-05	4.401000e-05	4.412238e-05
4.402000e-05	4.402000e-05	4.410047e-05
4.403000e-05	4.403000e-05	4.414251e-05
4.404000e-05	4.404000e-05	4.418458e-05
4.405000e-05	4.405000e-05	4.416265e-05
4.406000e-05	4.406000e-05	4.414072e-05
4.407000e-05	4.407000e-05	4.418278e-05
4.408000e-05	4.408000e-05	4.422486e-05
4.409000e-05	4.409000e-05	4.420291e-05
4.410000e-05	4.410000e-05	4.418097e-05
4.411000e-05	4.411000e-05	4.422305e-05
4.412000e-05	4.412000e-05	4.426514e-05
4.413000e-05	4.413000e-05	4.424318e-05
4.414000e-05	4.414000e-05	4.422122e-05
4.415000e-05	4.415000e-05	4.426331e-05
4.416000e-05	4.416000e-05	4.430542e-05
4.417000e-05	4.417000e-05	4.428344e-05
4.418000e-05	4.418000e-05	4.426148e-05
4.419000e-05	4.419000e-05	4.430358e-05
4.420000e-05	4.420000e-05	4.434569e-05
4.421000e-05	4.421000e-05	4.432371e-05
4.422000e-05	4.422000e-05	4.430173e-05
4.423000e-05	4.423000e-05	4.434384e-05
4.424000e-05	4.424000e-05	4.438597e-05
4.425000e-05	4.425000e-05	4.436397e-05
4.426000e-05	4.426000e-05	4.434198e-05
4.427000e-05	4.427000e-05	4.438410e-05
4.428000e-05	4.428000e-05	4.442625e-05
4.429000e-05	4.429000e-05	4.440424e-05
4.430000e-05	4.430000e-05	4.438223e-05
4.431000e-05	4.431000e-05	4.442437e-05
4.432000e-05	4.432000e-05	4.446653e-05
4.433000e-05	4.433000e-05	4.444450e-05
4.434000e-05	4.434000e-05	4.442247e-05
4.435000e-05	4.435000e-05	4.446463e-05
4.436000e-05	4.436000e-05	4.450680e-05
4.437000e-05	4.437000e-05	4.448476e-05
4.438000e-05	4.438000e-05	4.446272e-05
4.439000e-05	4.439000e-05	4.450489e-05
4.440000e-05	4.440000e-05	4.454708e-05
4.441000e-05	4.441000e-05	4.452502e-05
4.442000e-05	4.442000e-05	4.450297e-05
4.443000e-05	4.443000e-05	4.454515e-05
4.444000e-05	4.444000e-05	4.458736e-05
4.445000e-05	4.445000e-05	4.456529e-05
4.446000e-05	4.446000e-05	4.454322e-05
4.447000e-05	4.447000e-05	4.458542e-05
4.448000e-05	4.448000e-05	4.462763e-05
4.449000e-05	4.449000e-05	4.460555e-05
4.450000e-05	4.450000e-05	4.458347e-05
4.451000e-05	4.451000e-05	4.462568e-05
4.452000e-05	4.452000e-05	4.466791e-05
4.453000e-05	4.453000e-05	4.464581e-05
4.454000e-05	4.454000e-05	4.462371e-05
4.455000e-05	4.455000e-05	4.466594e-05
4.456000e-05	4.456000e-05	4.470818e-05
4.457000e-05	4.457000e-05	4.468607e-05
4.458000e-05	4.458000e-05	4.466396e-05
4.459000e-05	4.459000e-05	4.470620e-05
4.460000e-05	4.460000e-05	4.474846e-05
4.461000e-05	4.461000e-05	4.472633e-05
4.462000e-05	4.462000e-05	4.470421e-05
4.463000e-05	4.463000e-05	4.474646e-05
4.464000e-05	4.464000e-05	4.478873e-05
4.465000e-05	4.465000e-05	4.476659e-05
4.466000e-05	4.466000e-05	4.474445e-05
4.467000e-05	4.467000e-05	4.478672e-05
4.468000e-05	4.468000e-05	4.482900e-05
4.469000e-05	4.469000e-05	4.480685e-05
4.470000e-05	4.470000e-05	4.478470e-05
4.471000e-05	4.471000e-05	4.482698e-05
4.472000e-05	4.472000e-05	4.486928e-05
4.473000e-05	4.473000e-05	4.484711e-05
4.474000e-05	4.474000e-05	4.482494e-05
4.475000e-05	4.475000e-05	4.486724e-05
4.476000e-05	4.476000e-05	4.490955e-05
4.477000e-05	4.477000e-05	4.488737e-05
4.478000e-05	4.478000e-05	4.486519e-05
4.479000e-05	4.479000e-05	4.490749e-05
4.480000e-05	4.480000e-05	4.494982e-05
4.481000e-05	4.481000e-05	4.492762e-05
4.482000e-05	4.482000e-05	4.490543e-05
4.483000e-05	4.483000e-05	4.494775e-05
4.484000e-05	4.484000e-05	4.499009e-05
4.485000e-05	4.485000e-05	4.496788e-05
4.486000e-05	4.486000e-05	4.494568e-05
4.487000e-05	4.487000e-05	4.498801e-05
4.488000e-05	4.488000e-05	4.503036e-05
4.489000e-05	4.489000e-05	4.500814e-05
4.490000e-05	4.490000e-05	4.498592e-05
4.491000e-05	4.491000e-05	4.502827e-05
4.492000e-05	4.492000e-05	4.507063e-05
4.493000e-05	4.493000e-05	4.504840e-05
4.494000e-05	4.494000e-05	4.502616e-05
4.495000e-05	4.495000e-05	4.506852e-05
4.496000e-05	4.496000e-05	4.511090e-05
4.497000e-05	4.497000e-05	4.508865e-05
4.498000e-05	4.498000e-05	4.506640e-05
4.499000e-05	4.499000e-05	4.510878e-05
4.500000e-05	4.500000e-05	4.515117e-05
4.501000e-05	4.501000e-05	4.512891e-05
4.502000e-05	4.502000e-05	4.510665e-05
4.503000e-05	4.503000e-05	4.514904e-05
4.504000e-05	4.504000e-05	4.519144e-05
4.505000e-05	4.505000e-05	4.516916e-05
4.506000e-05	4.506000e-05	4.514689e-05
4.507000e-05	4.507000e-05	4.518929e-05
4.508000e-05	4.508000e-05	4.523171e-05
4.509000e-05	4.509000e-05	4.520942e-05
4.510000e-05	4.510000e-05	4.518713e-05
4.511000e-05	4.511000e-05	4.522954e-05
4.512000e-05	4.512000e-05	4.527198e-05
4.513000e-05	4.513000e-05	4.524967e-05
4.514000e-05	4.514000e-05	4.522737e-05
4.515000e-05	4.515000e-05	4.526980e-05
4.516000e-05	4.516000e-05	4.531225e-05
4.517000e-05	4.517000e-05	4.528993e-05
4.518000e-05	4.518000e-05	4.526761e-05
4.519000e-05	4.519000e-05	4.531005e-05
4.520000e-05	4.520000e-05	4.535251e-05
4.521000e-05	4.521000e-05	4.533018e-05
4.522000e-05	4.522000e-05	4.530785e-05
4.523000e-05	4.523000e-05	4.535031e-05
4.524000e-05	4.524000e-05	4.539278e-05
4.525000e-05	4.525000e-05	4.537043e-05
4.526000e-05	4.526000e-05	4.534809e-05
4.527000e-05	4.527000e-05	4.539056e-05
4.528000e-05	4.528000e-05	4.543305e-05
4.529000e-05	4.529000e-05	4.541068e-05
4.530000e-05	4.530000e-05	4.538833e-05
4.531000e-05	4.531000e-05	4.543081e-05
4.532000e-05	4.532000e-05	4.547331e-05
4.533000e-05	4.533000e-05	4.545094e-05
4.534000e-05	4.534000e-05	4.542857e-05
4.535000e-05	4.535000e-05	4.547106e-05
4.536000e-05	4.536000e-05	4.551358e-05
4.537000e-05	4.537000e-05	4.549119e-05
4.538000e-05	4.538000e-05	4.546880e-05
4.539000e-05	4.539000e-05	4.551131e-05
4.540000e-05	4.540000e-05	4.555384e-05
4.541000e-05	4.541000e-05	4.553144e-05
4.542000e-05	4.542000e-05	4.550904e-05
4.543000e-05	4.543000e-05	4.555156e-05
4.544000e-05	4.544000e-05	4.559411e-05
4.545000e-05	4.545000e-05	4.557169e-05
4.546000e-05	4.546000e-05	4.554928e-05
4.547000e-05	4.547000e-05	4.559182e-05
4.548000e-05	4.548000e-05	4.563437e-05
4.549000e-05	4.549000e-05	4.561194e-05
4.550000e-05	4.550000e-05	4.558951e-05
4.551000e-05	4.551000e-05	4.563207e-05
4.552000e-05	4.552000e-05	4.567464e-05
4.553000e-05	4.553000e-05	4.565219e-05
4.554000e-05	4.554000e-05	4.562975e-05
4.555000e-05	4.555000e-05	4.567231e-05
4.556000e-05	4.556000e-05	4.571490e-05
4.557000e-05	4.557000e-05	4.569244e-05
4.558000e-05	4.558000e-05	4.566998e-05
4.559000e-05	4.559000e-05	4.571256e-05
4.560000e-05	4.560000e-05	4.575516e-05
4.561000e-05	4.561000e-05	4.573269e-05
4.562000e-05	4.562000e-05	4.571022e-05
4.563000e-05	4.563000e-05	4.575281e-05
4.564000e-05	4.564000e-05	4.579542e-05
4.565000e-05	4.565000e-05	4.577294e-05
4.566000e-05	4.566000e-05	4.575045e-05
4.567000e-05	4.567000e-05	4.579306e-05
4.568000e-05	4.568000e-05	4.583568e-05
4.569000e-05	4.569000e-05	4.581318e-05
4.570000e-05	4.570000e-05	4.579069e-05
4.571000e-05	4.571000e-05	4.583331e-05
4.572000e-05	4.572000e-05	4.587595e-05
4.573000e-05	4.573000e-05	4.585343e-05
4.574000e-05	4.574000e-05	4.583092e-05
4.575000e-05	4.575000e-05	4.587355e-05
4.576000e-05	4.576000e-05	4.591621e-05
4.577000e-05	4.577000e-05	4.589368e-05
4.578000e-05	4.578000e-05	4.587115e-05
4.579000e-05	4.579000e-05	4.591380e-05
4.580000e-05	4.580000e-05	4.595647e-05
4.581000e-05	4.581000e-05	4.593392e-05
4.582000e-05	4.582000e-05	4.591139e-05
4.583000e-05	4.583000e-05	4.595405e-05
4.584000e-05	4.584000e-05	4.599673e-05
4.585000e-05	4.585000e-05	4.597417e-05
4.586000e-05	4.586000e-05	4.595162e-05
4.587000e-05	4.587000e-05	4.599429e-05
4.588000e-05	4.588000e-05	4.603698e-05
4.589000e-05	4.589000e-05	4.601441e-05
4.590000e-05	4.590000e-05	4.599185e-05
4.591000e-05	4.591000e-05	4.603454e-05
4.592000e-05	4.592000e-05	4.607724e-05
4.593000e-05	4.593000e-05	4.605466e-05
4.594000e-05	4.594000e-05	4.603208e-05
4.595000e-05	4.595000e-05	4.607478e-05
4.596000e-05	4.596000e-05	4.611750e-05
4.597000e-05	4.597000e-05	4.609490e-05
4.598000e-05	4.598000e-05	4.607231e-05
4.599000e-05	4.599000e-05	4.611502e-05
4.600000e-05	4.600000e-05	4.615776e-05
4.601000e-05	4.601000e-05	4.613515e-05
4.602000e-05	4.602000e-05	4.611254e-05
4.603000e-05	4.603000e-05	4.615527e-05
4.604000e-05	4.604000e-05	4.619801e-05
4.605000e-05	4.605000e-05	4.617539e-05
4.606000e-05	4.606000e-05	4.615277e-05
4.607000e-05	4.607000e-05	4.619551e-05
4.608000e-05	4.608000e-05	4.623827e-05
4.609000e-05	4.609000e-05	4.621563e-05
4.610000e-05	4.610000e-05	4.619300e-05
4.611000e-05	4.611000e-05	4.623575e-05
4.612000e-05	4.612000e-05	4.627853e-05
4.613000e-05	4.613000e-05	4.625587e-05
4.614000e-05	4.614000e-05	4.623323e-05
4.615000e-05	4.615000e-05	4.627599e-05
4.616000e-05	4.616000e-05	4.631878e-05
4.617000e-05	4.617000e-05	4.629612e-05
4.618000e-05	4.618000e-05	4.627345e-05
4.619000e-05	4.619000e-05	4.631624e-05
4.620000e-05	4.620000e-05	4.635904e-05
4.621000e-05	4.621000e-05	4.633636e-05
4.622000e-05	4.622000e-05	4.631368e-05
4.623000e-05	4.623000e-05	4.635648e-05
4.624000e-05	4.624000e-05	4.639929e-05
4.625000e-05	4.625000e-05	4.637660e-05
4.626000e-05	4.626000e-05	4.635391e-05
4.627000e-05	4.627000e-05	4.639672e-05
4.628000e-05	4.628000e-05	4.643954e-05
4.629000e-05	4.629000e-05	4.641684e-05
4.630000e-05	4.630000e-05	4.639413e-05
4.631000e-05	4.631000e-05	4.643696e-05
4.632000e-05	4.632000e-05	4.647980e-05
4.633000e-05	4.633000e-05	4.645708e-05
4.634000e-05	4.634000e-05	4.643436e-05
4.635000e-05	4.635000e-05	4.647720e-05
4.636000e-05	4.636000e-05	4.652005e-05
4.637000e-05	4.637000e-05	4.649731e-05
4.638000e-05	4.638000e-05	4.647459e-05
4.639000e-05	4.639000e-05	4.651743e-05
4.640000e-05	4.640000e-05	4.656030e-05
4.641000e-05	4.641000e-05	4.653755e-05
4.642000e-05	4.642000e-05	4.651481e-05
4.643000e-05	4.643000e-05	4.655767e-05
4.644000e-05	4.644000e-05	4.660055e-05
4.645000e-05	4.645000e-05	4.657779e-05
4.646000e-05	4.646000e-05	4.655503e-05
4.647000e-05	4.647000e-05	4.659791e-05
4.648000e-05	4.648000e-05	4.664080e-05
4.649000e-05	4.649000e-05	4.661803e-05
4.650000e-05	4.650000e-05	4.659526e-05
4.651000e-05	4.651000e-05	4.663815e-05
4.652000e-05	4.652000e-05	4.668105e-05
4.653000e-05	4.653000e-05	4.665826e-05
4.654000e-05	4.654000e-05	4.663548e-05
4.655000e-05	4.655000e-05	4.667838e-05
4.656000e-05	4.656000e-05	4.672130e-05
4.657000e-05	4.657000e-05	4.669850e-05
4.658000e-05	4.658000e-05	4.667570e-05
4.659000e-05	4.659000e-05	4.671862e-05
4.660000e-05	4.660000e-05	4.676155e-05
4.661000e-05	4.661000e-05	4.673874e-05
4.662000e-05	4.662000e-05	4.671592e-05
4.663000e-05	4.663000e-05	4.675885e-05
4.664000e-05	4.664000e-05	4.680180e-05
4.665000e-05	4.665000e-05	4.677897e-05
4.666000e-05	4.666000e-05	4.675615e-05
4.667000e-05	4.667000e-05	4.679909e-05
4.668000e-05	4.668000e-05	4.684205e-05
4.669000e-05	4.669000e-05	4.681921e-05
4.670000e-05	4.670000e-05	4.679637e-05
4.671000e-05	4.671000e-05	4.683932e-05
4.672000e-05	4.672000e-05	4.688230e-05
4.673000e-05	4.673000e-05	4.685944e-05
4.674000e-05	4.674000e-05	4.683659e-05
4.675000e-05	4.675000e-05	4.687956e-05
4.676000e-05	4.676000e-05	4.692254e-05
4.677000e-05	4.677000e-05	4.689967e-05
4.678000e-05	4.678000e-05	4.687681e-05
4.679000e-05	4.679000e-05	4.691979e-05
4.680000e-05	4.680000e-05	4.696279e-05
4.681000e-05	4.681000e-05	4.693991e-05
4.682000e-05	4.682000e-05	4.691703e-05
4.683000e-05	4.683000e-05	4.696002e-05
4.684000e-05	4.684000e-05	4.700304e-05
4.685000e-05	4.685000e-05	4.698014e-05
4.686000e-05	4.686000e-05	4.695724e-05
4.687000e-05	4.687000e-05	4.700025e-05
4.688000e-05	4.688000e-05	4.704328e-05
4.689000e-05	4.689000e-05	4.702037e-05
4.690000e-05	4.690000e-05	4.699746e-05
4.691000e-05	4.691000e-05	4.704049e-05
4.692000e-05	4.692000e-05	4.708353e-05
4.693000e-05	4.693000e-05	4.706060e-05
4.694000e-05	4.694000e-05	4.703768e-05
4.695000e-05	4.695000e-05	4.708072e-05
4.696000e-05	4.696000e-05	4.712377e-05
4.697000e-05	4.697000e-05	4.710083e-05
4.698000e-05	4.698000e-05	4.707790e-05
4.699000e-05	4.699000e-05	4.712095e-05
4.700000e-05	4.700000e-05	4.716402e-05
4.701000e-05	4.701000e-05	4.714106e-05
4.702000e-05	4.702000e-05	4.711811e-05
4.703000e-05	4.703000e-05	4.716118e-05
4.704000e-05	4.704000e-05	4.720426e-05
4.705000e-05	4.705000e-05	4.718129e-05
4.706000e-05	4.706000e-05	4.715833e-05
4.707000e-05	4.707000e-05	4.720141e-05
4.708000e-05	4.708000e-05	4.724450e-05
4.709000e-05	4.709000e-05	4.722152e-05
4.710000e-05	4.710000e-05	4.719854e-05
4.711000e-05	4.711000e-05	4.724163e-05
4.712000e-05	4.712000e-05	4.728474e-05
4.713000e-05	4.713000e-05	4.726175e-05
4.714000e-05	4.714000e-05	4.723876e-05
4.715000e-05	4.715000e-05	4.728186e-05
4.716000e-05	4.716000e-05	4.732498e-05
4.717000e-05	4.717000e-05	4.730198e-05
4.718000e-05	4.718000e-05	4.727897e-05
4.719000e-05	4.719000e-05	4.732209e-05
4.720000e-05	4.720000e-05	4.736522e-05
4.721000e-05	4.721000e-05	4.734220e-05
4.722000e-05	4.722000e-05	4.731919e-05
4.723000e-05	4.723000e-05	4.736232e-05
4.724000e-05	4.724000e-05	4.740546e-05
4.725000e-05	4.725000e-05	4.738243e-05
4.726000e-05	4.726000e-05	4.735940e-05
4.727000e-05	4.727000e-05	4.740254e-05
4.728000e-05	4.728000e-05	4.744570e-05
4.729000e-05	4.729000e-05	4.742266e-05
4.730000e-05	4.730000e-05	4.739961e-05
4.731000e-05	4.731000e-05	4.744277e-05
4.732000e-05	4.732000e-05	4.748594e-05
4.733000e-05	4.733000e-05	4.746288e-05
4.734000e-05	4.734000e-05	4.743982e-05
4.735000e-05	4.735000e-05	4.748299e-05
4.736000e-05	4.736000e-05	4.752618e-05
4.737000e-05	4.737000e-05	4.750311e-05
4.738000e-05	4.738000e-05	4.748004e-05
4.739000e-05	4.739000e-05	4.752322e-05
4.740000e-05	4.740000e-05	4.756642e-05
4.741000e-05	4.741000e-05	4.754333e-05
4.742000e-05	4.742000e-05	4.752025e-05
4.743000e-05	4.743000e-05	4.756344e-05
4.744000e-05	4.744000e-05	4.760666e-05
4.745000e-05	4.745000e-05	4.758355e-05
4.746000e-05	4.746000e-05	4.756046e-05
4.747000e-05	4.747000e-05	4.760367e-05
4.748000e-05	4.748000e-05	4.764689e-05
4.749000e-05	4.749000e-05	4.762378e-05
4.750000e-05	4.750000e-05	4.760067e-05
4.751000e-05	4.751000e-05	4.764389e-05
4.752000e-05	4.752000e-05	4.768713e-05
4.753000e-05	4.753000e-05	4.766400e-05
4.754000e-05	4.754000e-05	4.764088e-05
4.755000e-05	4.755000e-05	4.768411e-05
4.756000e-05	4.756000e-05	4.772737e-05
4.757000e-05	4.757000e-05	4.770422e-05
4.758000e-05	4.758000e-05	4.768108e-05
4.759000e-05	4.759000e-05	4.772433e-05
4.760000e-05	4.760000e-05	4.776760e-05
4.761000e-05	4.761000e-05	4.774444e-05
4.762000e-05	4.762000e-05	4.772129e-05
4.763000e-05	4.763000e-05	4.776455e-05
4.764000e-05	4.764000e-05	4.780783e-05
4.765000e-05	4.765000e-05	4.778466e-05
4.766000e-05	4.766000e-05	4.776150e-05
4.767000e-05	4.767000e-05	4.780477e-05
4.768000e-05	4.768000e-05	4.784807e-05
4.769000e-05	4.769000e-05	4.782488e-05
4.770000e-05	4.770000e-05	4.780171e-05
4.771000e-05	4.771000e-05	4.784499e-05
4.772000e-05	4.772000e-05	4.788830e-05
4.773000e-05	4.773000e-05	4.786510e-05
4.774000e-05	4.774000e-05	4.784191e-05
4.775000e-05	4.775000e-05	4.788521e-05
4.776000e-05	4.776000e-05	4.792853e-05
4.777000e-05	4.777000e-05	4.790532e-05
4.778000e-05	4.778000e-05	4.788212e-05
4.779000e-05	4.779000e-05	4.792543e-05
4.780000e-05	4.780000e-05	4.796877e-05
4.781000e-05	4.781000e-05	4.794554e-05
4.782000e-05	4.782000e-05	4.792232e-05
4.783000e-05	4.783000e-05	4.796565e-05
4.784000e-05	4.784000e-05	4.800900e-05
4.785000e-05	4.785000e-05	4.798576e-05
4.786000e-05	4.786000e-05	4.796253e-05
4.787000e-05	4.787000e-05	4.800587e-05
4.788000e-05	4.788000e-05	4.804923e-05
4.789000e-05	4.789000e-05	4.802598e-05
4.790000e-05	4.790000e-05	4.800273e-05
4.791000e-05	4.791000e-05	4.804608e-05
4.792000e-05	4.792000e-05	4.808946e-05
4.793000e-05	4.793000e-05	4.806619e-05
4.794000e-05	4.794000e-05	4.804293e-05
4.795000e-05	4.795000e-05	4.808630e-05
4.796000e-05	4.796000e-05	4.812969e-05
4.797000e-05	4.797000e-05	4.810641e-05
4.798000e-05	4.798000e-05	4.808314e-05
4.799000e-05	4.799000e-05	4.812652e-05
4.800000e-05	4.800000e-05	4.816992e-05
4.801000e-05	4.801000e-05	4.814662e-05
4.802000e-05	4.802000e-05	4.812334e-05
4.803000e-05	4.803000e-05	4.816673e-05
4.804000e-05	4.804000e-05	4.821014e-05
4.805000e-05	4.805000e-05	4.818684e-05
4.806000e-05	4.806000e-05	4.816354e-05
4.807000e-05	4.807000e-05	4.820695e-05
4.808000e-05	4.808000e-05	4.825037e-05
4.809000e-05	4.809000e-05	4.822705e-05
4.810000e-05	4.810000e-05	4.820374e-05
4.811000e-05	4.811000e-05	4.824716e-05
4.812000e-05	4.812000e-05	4.829060e-05
4.813000e-05	4.813000e-05	4.826727e-05
4.814000e-05	4.814000e-05	4.824394e-05
4.815000e-05	4.815000e-05	4.828737e-05
4.816000e-05	4.816000e-05	4.833083e-05
4.817000e-05	4.817000e-05	4.830748e-05
4.818000e-05	4.818000e-05	4.828414e-05
4.819000e-05	4.819000e-05	4.832759e-05
4.820000e-05	4.820000e-05	4.837105e-05
4.821000e-05	4.821000e-05	4.834769e-05
4.822000e-05	4.822000e-05	4.832434e-05
4.823000e-05	4.823000e-05	4.836780e-05
4.824000e-05	4.824000e-05	4.841128e-05
4.825000e-05	4.825000e-05	4.838790e-05
4.826000e-05	4.826000e-05	4.836454e-05
4.827000e-05	4.827000e-05	4.840801e-05
4.828000e-05	4.828000e-05	4.845150e-05
4.829000e-05	4.829000e-05	4.842811e-05
4.830000e-05	4.830000e-05	4.840473e-05
4.831000e-05	4.831000e-05	4.844822e-05
4.832000e-05	4.832000e-05	4.849172e-05
4.833000e-05	4.833000e-05	4.846833e-05
4.834000e-05	4.834000e-05	4.844493e-05
4.835000e-05	4.835000e-05	4.848843e-05
4.836000e-05	4.836000e-05	4.853195e-05
4.837000e-05	4.837000e-05	4.850854e-05
4.838000e-05	4.838000e-05	4.848513e-05
4.839000e-05	4.839000e-05	4.852864e-05
4.840000e-05	4.840000e-05	4.857217e-05
4.841000e-05	4.841000e-05	4.854874e-05
4.842000e-05	4.842000e-05	4.852532e-05
4.843000e-05	4.843000e-05	4.856885e-05
4.844000e-05	4.844000e-05	4.861239e-05
4.845000e-05	4.845000e-05	4.858895e-05
4.846000e-05	4.846000e-05	4.856552e-05
4.847000e-05	4.847000e-05	4.860906e-05
4.848000e-05	4.848000e-05	4.865261e-05
4.849000e-05	4.849000e-05	4.862916e-05
4.850000e-05	4.850000e-05	4.860571e-05
4.851000e-05	4.851000e-05	4.864926e-05
4.852000e-05	4.852000e-05	4.869284e-05
4.853000e-05	4.853000e-05	4.866937e-05
4.854000e-05	4.854000e-05	4.864591e-05
4.855000e-05	4.855000e-05	4.868947e-05
4.856000e-05	4.856000e-05	4.873306e-05
4.857000e-05	4.857000e-05	4.870958e-05
4.858000e-05	4.858000e-05	4.868610e-05
4.859000e-05	4.859000e-05	4.872968e-05
4.860000e-05	4.860000e-05	4.877327e-05
4.861000e-05	4.861000e-05	4.874978e-05
4.862000e-05	4.862000e-05	4.872629e-05
4.863000e-05	4.863000e-05	4.876988e-05
4.864000e-05	4.864000e-05	4.881349e-05
4.865000e-05	4.865000e-05	4.878999e-05
4.866000e-05	4.866000e-05	4.876649e-05
4.867000e-05	4.867000e-05	4.881009e-05
4.868000e-05	4.868000e-05	4.885371e-05
4.869000e-05	4.869000e-05	4.883019e-05
4.870000e-05	4.870000e-05	4.880668e-05
4.871000e-05	4.871000e-05	4.885029e-05
4.872000e-05	4.872000e-05	4.889393e-05
4.873000e-05	4.873000e-05	4.887040e-05
4.874000e-05	4.874000e-05	4.884687e-05
4.875000e-05	4.875000e-05	4.889050e-05
4.876000e-05	4.876000e-05	4.893415e-05
4.877000e-05	4.877000e-05	4.891060e-05
4.878000e-05	4.878000e-05	4.888706e-05
4.879000e-05	4.879000e-05	4.893070e-05
4.880000e-05	4.880000e-05	4.897436e-05
4.881000e-05	4.881000e-05	4.895080e-05
4.882000e-05	4.882000e-05	4.892725e-05
4.883000e-05	4.883000e-05	4.897090e-05
4.884000e-05	4.884000e-05	4.901458e-05
4.885000e-05	4.885000e-05	4.899101e-05
4.886000e-05	4.886000e-05	4.896744e-05
4.887000e-05	4.887000e-05	4.901111e-05
4.888000e-05	4.888000e-05	4.905479e-05
4.889000e-05	4.889000e-05	4.903121e-05
4.890000e-05	4.890000e-05	4.900763e-05
4.891000e-05	4.891000e-05	4.905131e-05
4.892000e-05	4.892000e-05	4.909501e-05
4.893000e-05	4.893000e-05	4.907141e-05
4.894000e-05	4.894000e-05	4.904781e-05
4.895000e-05	4.895000e-05	4.909151e-05
4.896000e-05	4.896000e-05	4.913522e-05
4.897000e-05	4.897000e-05	4.911161e-05
4.898000e-05	4.898000e-05	4.908800e-05
4.899000e-05	4.899000e-05	4.913171e-05
4.900000e-05	4.900000e-05	4.917544e-05
4.901000e-05	4.901000e-05	4.915181e-05
4.902000e-05	4.902000e-05	4.912819e-05
4.903000e-05	4.903000e-05	4.917191e-05
4.904000e-05	4.904000e-05	4.921565e-05
4.905000e-05	4.905000e-05	4.919201e-05
4.906000e-05	4.906000e-05	4.916837e-05
4.907000e-05	4.907000e-05	4.921211e-05
4.908000e-05	4.908000e-05	4.925586e-05
4.909000e-05	4.909000e-05	4.923221e-05
4.910000e-05	4.910000e-05	4.920856e-05
4.911000e-05	4.911000e-05	4.925231e-05
4.912000e-05	4.912000e-05	4.929607e-05
4.913000e-05	4.913000e-05	4.927241e-05
4.914000e-05	4.914000e-05	4.924874e-05
4.915000e-05	4.915000e-05	4.929250e-05
4.916000e-05	4.916000e-05	4.933628e-05
4.917000e-05	4.917000e-05	4.931260e-05
4.918000e-05	4.918000e-05	4.928893e-05
4.919000e-05	4.919000e-05	4.933270e-05
4.920000e-05	4.920000e-05	4.937649e-05
4.921000e-05	4.921000e-05	4.935280e-05
4.922000e-05	4.922000e-05	4.932911e-05
4.923000e-05	4.923000e-05	4.937290e-05
4.924000e-05	4.924000e-05	4.941670e-05
4.925000e-05	4.925000e-05	4.939300e-05
4.926000e-05	4.926000e-05	4.936929e-05
4.927000e-05	4.927000e-05	4.941309e-05
4.928000e-05	4.928000e-05	4.945691e-05
4.929000e-05	4.929000e-05	4.943319e-05
4.930000e-05	4.930000e-05	4.940948e-05
4.931000e-05	4.931000e-05	4.945329e-05
4.932000e-05	4.932000e-05	4.949712e-05
4.933000e-05	4.933000e-05	4.947339e-05
4.934000e-05	4.934000e-05	4.944966e-05
4.935000e-05	4.935000e-05	4.949348e-05
4.936000e-05	4.936000e-05	4.953733e-05
4.937000e-05	4.937000e-05	4.951358e-05
4.938000e-05	4.938000e-05	4.948984e-05
4.939000e-05	4.939000e-05	4.953368e-05
4.940000e-05	4.940000e-05	4.957753e-05
4.941000e-05	4.941000e-05	4.955377e-05
4.942000e-05	4.942000e-05	4.953002e-05
4.943000e-05	4.943000e-05	4.957387e-05
4.944000e-05	4.944000e-05	4.961774e-05
4.945000e-05	4.945000e-05	4.959397e-05
4.946000e-05	4.946000e-05	4.957020e-05
4.947000e-05	4.947000e-05	4.961406e-05
4.948000e-05	4.948000e-05	4.965795e-05
4.949000e-05	4.949000e-05	4.963416e-05
4.950000e-05	4.950000e-05	4.961038e-05
4.951000e-05	4.951000e-05	4.965425e-05
4.952000e-05	4.952000e-05	4.969815e-05
4.953000e-05	4.953000e-05	4.967435e-05
4.954000e-05	4.954000e-05	4.965056e-05
4.955000e-05	4.955000e-05	4.969445e-05
4.956000e-05	4.956000e-05	4.973835e-05
4.957000e-05	4.957000e-05	4.971454e-05
4.958000e-05	4.958000e-05	4.969073e-05
4.959000e-05	4.959000e-05	4.973464e-05
4.960000e-05	4.960000e-05	4.977856e-05
4.961000e-05	4.961000e-05	4.975473e-05
4.962000e-05	4.962000e-05	4.973091e-05
4.963000e-05	4.963000e-05	4.977483e-05
4.964000e-05	4.964000e-05	4.981876e-05
4.965000e-05	4.965000e-05	4.979492e-05
4.966000e-05	4.966000e-05	4.977109e-05
4.967000e-05	4.967000e-05	4.981502e-05
4.968000e-05	4.968000e-05	4.985896e-05
4.969000e-05	4.969000e-05	4.983511e-05
4.970000e-05	4.970000e-05	4.981126e-05
4.971000e-05	4.971000e-05	4.985520e-05
4.972000e-05	4.972000e-05	4.989917e-05
4.973000e-05	4.973000e-05	4.987530e-05
4.974000e-05	4.974000e-05	4.985144e-05
4.975000e-05	4.975000e-05	4.989539e-05
4.976000e-05	4.976000e-05	4.993937e-05
4.977000e-05	4.977000e-05	4.991549e-05
4.978000e-05	4.978000e-05	4.989161e-05
4.979000e-05	4.979000e-05	4.993558e-05
4.980000e-05	4.980000e-05	4.997957e-05
4.981000e-05	4.981000e-05	4.995567e-05
4.982000e-05	4.982000e-05	4.993179e-05
4.983000e-05	4.983000e-05	4.997577e-05
4.984000e-05	4.984000e-05	5.001977e-05
4.985000e-05	4.985000e-05	4.999586e-05
4.986000e-05	4.986000e-05	4.997196e-05
4.987000e-05	4.987000e-05	5.001595e-05
4.988000e-05	4.988000e-05	5.005997e-05
4.989000e-05	4.989000e-05	5.003605e-05
4.990000e-05	4.990000e-05	5.001213e-05
4.991000e-05	4.991000e-05	5.005614e-05
4.992000e-05	4.992000e-05	5.010016e-05
4.993000e-05	4.993000e-05	5.007623e-05
4.994000e-05	4.994000e-05	5.005230e-05
4.995000e-05	4.995000e-05	5.009632e-05
4.996000e-05	4.996000e-05	5.014036e-05
4.997000e-05	4.997000e-05	5.011642e-05
4.998000e-05	4.998000e-05	5.009248e-05
4.999000e-05	4.999000e-05	5.013651e-05
5.000000e-05	5.000000e-05	5.018056e-05
5.001000e-05	5.001000e-05	5.015660e-05
5.002000e-05	5.002000e-05	5.013265e-05
5.003000e-05	5.003000e-05	5.017669e-05
5.004000e-05	5.004000e-05	5.022075e-05
5.005000e-05	5.005000e-05	5.019678e-05
5.006000e-05	5.006000e-05	5.017282e-05
5.007000e-05	5.007000e-05	5.021687e-05
5.008000e-05	5.008000e-05	5.026095e-05
5.009000e-05	5.009000e-05	5.023697e-05
5.010000e-05	5.010000e-05	5.021299e-05
5.011000e-05	5.011000e-05	5.025706e-05
5.012000e-05	5.012000e-05	5.030115e-05
5.013000e-05	5.013000e-05	5.027715e-05
5.014000e-05	5.014000e-05	5.025315e-05
5.015000e-05	5.015000e-05	5.029724e-05
5.016000e-05	5.016000e-05	5.034134e-05
5.017000e-05	5.017000e-05	5.031733e-05
5.018000e-05	5.018000e-05	5.029332e-05
5.019000e-05	5.019000e-05	5.033742e-05
5.020000e-05	5.020000e-05	5.038153e-05
5.021000e-05	5.021000e-05	5.035751e-05
5.022000e-05	5.022000e-05	5.033349e-05
5.023000e-05	5.023000e-05	5.037760e-05
5.024000e-05	5.024000e-05	5.042173e-05
5.025000e-05	5.025000e-05	5.039769e-05
5.026000e-05	5.026000e-05	5.037366e-05
5.027000e-05	5.027000e-05	5.041778e-05
5.028000e-05	5.028000e-05	5.046192e-05
5.029000e-05	5.029000e-05	5.043787e-05
5.030000e-05	5.030000e-05	5.041382e-05
5.031000e-05	5.031000e-05	5.045796e-05
5.032000e-05	5.032000e-05	5.050211e-05
5.033000e-05	5.033000e-05	5.047805e-05
5.034000e-05	5.034000e-05	5.045399e-05
5.035000e-05	5.035000e-05	5.049814e-05
5.036000e-05	5.036000e-05	5.054230e-05
5.037000e-05	5.037000e-05	5.051822e-05
5.038000e-05	5.038000e-05	5.049415e-05
5.039000e-05	5.039000e-05	5.053831e-05
5.040000e-05	5.040000e-05	5.058249e-05
5.041000e-05	5.041000e-05	5.055840e-05
5.042000e-05	5.042000e-05	5.053432e-05
5.043000e-05	5.043000e-05	5.057849e-05
5.044000e-05	5.044000e-05	5.062268e-05
5.045000e-05	5.045000e-05	5.059858e-05
5.046000e-05	5.046000e-05	5.057448e-05
5.047000e-05	5.047000e-05	5.061867e-05
5.048000e-05	5.048000e-05	5.066287e-05
5.049000e-05	5.049000e-05	5.063875e-05
5.050000e-05	5.050000e-05	5.061464e-05
5.051000e-05	5.051000e-05	5.065884e-05
5.052000e-05	5.052000e-05	5.070306e-05
5.053000e-05	5.053000e-05	5.067893e-05
5.054000e-05	5.054000e-05	5.065480e-05
5.055000e-05	5.055000e-05	5.069902e-05
5.056000e-05	5.056000e-05	5.074325e-05
5.057000e-05	5.057000e-05	5.071910e-05
5.058000e-05	5.058000e-05	5.069497e-05
5.059000e-05	5.059000e-05	5.073919e-05
5.060000e-05	5.060000e-05	5.078343e-05
5.061000e-05	5.061000e-05	5.075928e-05
5.062000e-05	5.062000e-05	5.073513e-05
5.063000e-05	5.063000e-05	5.077936e-05
5.064000e-05	5.064000e-05	5.082362e-05
5.065000e-05	5.065000e-05	5.079945e-05
5.066000e-05	5.066000e-05	5.077529e-05
5.067000e-05	5.067000e-05	5.081954e-05
5.068000e-05	5.068000e-05	5.086381e-05
5.069000e-05	5.069000e-05	5.083962e-05
5.070000e-05	5.070000e-05	5.081545e-05
5.071000e-05	5.071000e-05	5.085971e-05
5.072000e-05	5.072000e-05	5.090399e-05
5.073000e-05	5.073000e-05	5.087980e-05
5.074000e-05	5.074000e-05	5.085561e-05
5.075000e-05	5.075000e-05	5.089988e-05
5.076000e-05	5.076000e-05	5.094417e-05
5.077000e-05	5.077000e-05	5.091997e-05
5.078000e-05	5.078000e-05	5.089576e-05
5.079000e-05	5.079000e-05	5.094005e-05
5.080000e-05	5.080000e-05	5.098436e-05
5.081000e-05	5.081000e-05	5.096014e-05
5.082000e-05	5.082000e-05	5.093592e-05
5.083000e-05	5.083000e-05	5.098022e-05
5.084000e-05	5.084000e-05	5.102454e-05
5.085000e-05	5.085000e-05	5.100031e-05
5.086000e-05	5.086000e-05	5.097608e-05
5.087000e-05	5.087000e-05	5.102039e-05
5.088000e-05	5.088000e-05	5.106472e-05
5.089000e-05	5.089000e-05	5.104048e-05
5.090000e-05	5.090000e-05	5.101623e-05
5.091000e-05	5.091000e-05	5.106056e-05
5.092000e-05	5.092000e-05	5.110491e-05
5.093000e-05	5.093000e-05	5.108064e-05
5.094000e-05	5.094000e-05	5.105639e-05
5.095000e-05	5.095000e-05	5.110073e-05
5.096000e-05	5.096000e-05	5.114509e-05
5.097000e-05	5.097000e-05	5.112081e-05
5.098000e-05	5.098000e-05	5.109654e-05
5.099000e-05	5.099000e-05	5.114090e-05
5.100000e-05	5.100000e-05	5.118527e-05
5.101000e-05	5.101000e-05	5.116098e-05
5.102000e-05	5.102000e-05	5.113670e-05
5.103000e-05	5.103000e-05	5.118106e-05
5.104000e-05	5.104000e-05	5.122545e-05
5.105000e-05	5.105000e-05	5.120115e-05
5.106000e-05	5.106000e-05	5.117685e-05
5.107000e-05	5.107000e-05	5.122123e-05
5.108000e-05	5.108000e-05	5.126562e-05
5.109000e-05	5.109000e-05	5.124131e-05
5.110000e-05	5.110000e-05	5.121700e-05
5.111000e-05	5.111000e-05	5.126139e-05
5.112000e-05	5.112000e-05	5.130580e-05
5.113000e-05	5.113000e-05	5.128148e-05
5.114000e-05	5.114000e-05	5.125716e-05
5.115000e-05	5.115000e-05	5.130156e-05
5.116000e-05	5.116000e-05	5.134598e-05
5.117000e-05	5.117000e-05	5.132164e-05
5.118000e-05	5.118000e-05	5.129731e-05
5.119000e-05	5.119000e-05	5.134172e-05
5.120000e-05	5.120000e-05	5.138616e-05
5.121000e-05	5.121000e-05	5.136181e-05
5.122000e-05	5.122000e-05	5.133746e-05
5.123000e-05	5.123000e-05	5.138189e-05
5.124000e-05	5.124000e-05	5.142633e-05
5.125000e-05	5.125000e-05	5.140197e-05
5.126000e-05	5.126000e-05	5.137761e-05
5.127000e-05	5.127000e-05	5.142205e-05
5.128000e-05	5.128000e-05	5.146651e-05
5.129000e-05	5.129000e-05	5.144213e-05
5.130000e-05	5.130000e-05	5.141776e-05
5.131000e-05	5.131000e-05	5.146221e-05
5.132000e-05	5.132000e-05	5.150668e-05
5.133000e-05	5.133000e-05	5.148229e-05
5.134000e-05	5.134000e-05	5.145791e-05
5.135000e-05	5.135000e-05	5.150237e-05
5.136000e-05	5.136000e-05	5.154686e-05
5.137000e-05	5.137000e-05	5.152245e-05
5.138000e-05	5.138000e-05	5.149805e-05
5.139000e-05	5.139000e-05	5.154253e-05
5.140000e-05	5.140000e-05	5.158703e-05
5.141000e-05	5.141000e-05	5.156261e-05
5.142000e-05	5.142000e-05	5.153820e-05
5.143000e-05	5.143000e-05	5.158269e-05
5.144000e-05	5.144000e-05	5.162720e-05
5.145000e-05	5.145000e-05	5.160277e-05
5.146000e-05	5.146000e-05	5.157835e-05
5.147000e-05	5.147000e-05	5.162285e-05
5.148000e-05	5.148000e-05	5.166738e-05
5.149000e-05	5.149000e-05	5.164293e-05
5.150000e-05	5.150000e-05	5.161849e-05
5.151000e-05	5.151000e-05	5.166301e-05
5.152000e-05	5.152000e-05	5.170755e-05
5.153000e-05	5.153000e-05	5.168309e-05
5.154000e-05	5.154000e-05	5.165864e-05
5.155000e-05	5.155000e-05	5.170317e-05
5.156000e-05	5.156000e-05	5.174772e-05
5.157000e-05	5.157000e-05	5.172325e-05
5.158000e-05	5.158000e-05	5.169878e-05
5.159000e-05	5.159000e-05	5.174333e-05
5.160000e-05	5.160000e-05	5.178789e-05
5.161000e-05	5.161000e-05	5.176341e-05
5.162000e-05	5.162000e-05	5.173893e-05
5.163000e-05	5.163000e-05	5.178348e-05
5.164000e-05	5.164000e-05	5.182806e-05
5.165000e-05	5.165000e-05	5.180356e-05
5.166000e-05	5.166000e-05	5.177907e-05
5.167000e-05	5.167000e-05	5.182364e-05
5.168000e-05	5.168000e-05	5.186823e-05
5.169000e-05	5.169000e-05	5.184372e-05
5.170000e-05	5.170000e-05	5.181921e-05
5.171000e-05	5.171000e-05	5.186379e-05
5.172000e-05	5.172000e-05	5.190839e-05
5.173000e-05	5.173000e-05	5.188387e-05
5.174000e-05	5.174000e-05	5.185936e-05
5.175000e-05	5.175000e-05	5.190395e-05
5.176000e-05	5.176000e-05	5.194856e-05
5.177000e-05	5.177000e-05	5.192403e-05
5.178000e-05	5.178000e-05	5.189950e-05
5.179000e-05	5.179000e-05	5.194410e-05
5.180000e-05	5.180000e-05	5.198873e-05
5.181000e-05	5.181000e-05	5.196417e-05
5.182000e-05	5.182000e-05	5.193963e-05
5.183000e-05	5.183000e-05	5.198425e-05
5.184000e-05	5.184000e-05	5.202889e-05
5.185000e-05	5.185000e-05	5.200433e-05
5.186000e-05	5.186000e-05	5.197977e-05
5.187000e-05	5.187000e-05	5.202440e-05
5.188000e-05	5.188000e-05	5.206906e-05
5.189000e-05	5.189000e-05	5.204448e-05
5.190000e-05	5.190000e-05	5.201991e-05
5.191000e-05	5.191000e-05	5.206456e-05
5.192000e-05	5.192000e-05	5.210922e-05
5.193000e-05	5.193000e-05	5.208463e-05
5.194000e-05	5.194000e-05	5.206004e-05
5.195000e-05	5.195000e-05	5.210471e-05
5.196000e-05	5.196000e-05	5.214939e-05
5.197000e-05	5.197000e-05	5.212478e-05
5.198000e-05	5.198000e-05	5.210018e-05
5.199000e-05	5.199000e-05	5.214486e-05
