sweep (current)	sweep (current)	id(m1a) (current)
0.000000e+00	0.000000e+00	4.993325e-29
1.000000e-02	1.000000e-02	2.474759e-06
2.000000e-02	2.000000e-02	4.857355e-06
3.000000e-02	3.000000e-02	7.148386e-06
4.000000e-02	4.000000e-02	9.348411e-06
5.000000e-02	5.000000e-02	1.145810e-05
6.000000e-02	6.000000e-02	1.347815e-05
7.000000e-02	7.000000e-02	1.540933e-05
8.000000e-02	8.000000e-02	1.725247e-05
9.000000e-02	9.000000e-02	1.900847e-05
1.000000e-01	1.000000e-01	2.067830e-05
1.100000e-01	1.100000e-01	2.226303e-05
1.200000e-01	1.200000e-01	2.376380e-05
1.300000e-01	1.300000e-01	2.518188e-05
1.400000e-01	1.400000e-01	2.651860e-05
1.500000e-01	1.500000e-01	2.777543e-05
1.600000e-01	1.600000e-01	2.895396e-05
1.700000e-01	1.700000e-01	3.005588e-05
1.800000e-01	1.800000e-01	3.108303e-05
1.900000e-01	1.900000e-01	3.203737e-05
2.000000e-01	2.000000e-01	3.292097e-05
2.100000e-01	2.100000e-01	3.373605e-05
2.200000e-01	2.200000e-01	3.448493e-05
2.300000e-01	2.300000e-01	3.517006e-05
2.400000e-01	2.400000e-01	3.579397e-05
2.500000e-01	2.500000e-01	3.635930e-05
2.600000e-01	2.600000e-01	3.686874e-05
2.700000e-01	2.700000e-01	3.732506e-05
2.800000e-01	2.800000e-01	3.773109e-05
2.900000e-01	2.900000e-01	3.808970e-05
3.000000e-01	3.000000e-01	3.840383e-05
3.100000e-01	3.100000e-01	3.867647e-05
3.200000e-01	3.200000e-01	3.891075e-05
3.300000e-01	3.300000e-01	3.910987e-05
3.400000e-01	3.400000e-01	3.927719e-05
3.500000e-01	3.500000e-01	3.941617e-05
3.600000e-01	3.600000e-01	3.953035e-05
3.700000e-01	3.700000e-01	3.962326e-05
3.800000e-01	3.800000e-01	3.969827e-05
3.900000e-01	3.900000e-01	3.972052e-05
4.000000e-01	4.000000e-01	3.980692e-05
4.100000e-01	4.100000e-01	3.985842e-05
4.200000e-01	4.200000e-01	3.988212e-05
4.300000e-01	4.300000e-01	3.988384e-05
4.400000e-01	4.400000e-01	3.992296e-05
4.500000e-01	4.500000e-01	3.994845e-05
4.600000e-01	4.600000e-01	3.996317e-05
4.700000e-01	4.700000e-01	3.996937e-05
4.800000e-01	4.800000e-01	3.996875e-05
4.900000e-01	4.900000e-01	3.996268e-05
5.000000e-01	5.000000e-01	3.999233e-05
5.100000e-01	5.100000e-01	4.001842e-05
5.200000e-01	5.200000e-01	4.004157e-05
5.300000e-01	5.300000e-01	4.000982e-05
5.400000e-01	5.400000e-01	3.997605e-05
5.500000e-01	5.500000e-01	4.001861e-05
5.600000e-01	5.600000e-01	4.005977e-05
5.700000e-01	5.700000e-01	4.002587e-05
5.800000e-01	5.800000e-01	3.999094e-05
5.900000e-01	5.900000e-01	4.003205e-05
6.000000e-01	6.000000e-01	4.007243e-05
6.100000e-01	6.100000e-01	4.003742e-05
6.200000e-01	6.200000e-01	4.000185e-05
6.300000e-01	6.300000e-01	4.004220e-05
6.400000e-01	6.400000e-01	4.008213e-05
6.500000e-01	6.500000e-01	4.004651e-05
6.600000e-01	6.600000e-01	4.001055e-05
6.700000e-01	6.700000e-01	4.005046e-05
6.800000e-01	6.800000e-01	4.009011e-05
6.900000e-01	6.900000e-01	4.005412e-05
7.000000e-01	7.000000e-01	4.001792e-05
7.100000e-01	7.100000e-01	4.005755e-05
7.200000e-01	7.200000e-01	4.009703e-05
7.300000e-01	7.300000e-01	4.006080e-05
7.400000e-01	7.400000e-01	4.002442e-05
7.500000e-01	7.500000e-01	4.006389e-05
7.600000e-01	7.600000e-01	4.010325e-05
7.700000e-01	7.700000e-01	4.006685e-05
7.800000e-01	7.800000e-01	4.003036e-05
7.900000e-01	7.900000e-01	4.006971e-05
8.000000e-01	8.000000e-01	4.010899e-05
8.100000e-01	8.100000e-01	4.007247e-05
8.200000e-01	8.200000e-01	4.003590e-05
8.300000e-01	8.300000e-01	4.007516e-05
8.400000e-01	8.400000e-01	4.011438e-05
8.500000e-01	8.500000e-01	4.007778e-05
8.600000e-01	8.600000e-01	4.004114e-05
8.700000e-01	8.700000e-01	4.008035e-05
8.800000e-01	8.800000e-01	4.011953e-05
8.900000e-01	8.900000e-01	4.008286e-05
9.000000e-01	9.000000e-01	4.004617e-05
9.100000e-01	9.100000e-01	4.008534e-05
9.200000e-01	9.200000e-01	4.012448e-05
9.300000e-01	9.300000e-01	4.008777e-05
9.400000e-01	9.400000e-01	4.005104e-05
9.500000e-01	9.500000e-01	4.009017e-05
9.600000e-01	9.600000e-01	4.012930e-05
9.700000e-01	9.700000e-01	4.009254e-05
9.800000e-01	9.800000e-01	4.005577e-05
9.900000e-01	9.900000e-01	4.009489e-05
0.000000e+00	0.000000e+00	-5.563562e-37
1.000000e-02	1.000000e-02	2.635966e-06
2.000000e-02	2.000000e-02	5.179970e-06
3.000000e-02	3.000000e-02	7.632613e-06
4.000000e-02	4.000000e-02	9.994457e-06
5.000000e-02	5.000000e-02	1.226616e-05
6.000000e-02	6.000000e-02	1.444840e-05
7.000000e-02	7.000000e-02	1.654193e-05
8.000000e-02	8.000000e-02	1.854752e-05
9.000000e-02	9.000000e-02	2.046602e-05
1.000000e-01	1.000000e-01	2.229831e-05
1.100000e-01	1.100000e-01	2.404536e-05
1.200000e-01	1.200000e-01	2.570820e-05
1.300000e-01	1.300000e-01	2.728789e-05
1.400000e-01	1.400000e-01	2.878561e-05
1.500000e-01	1.500000e-01	3.020259e-05
1.600000e-01	1.600000e-01	3.154011e-05
1.700000e-01	1.700000e-01	3.279957e-05
1.800000e-01	1.800000e-01	3.398240e-05
1.900000e-01	1.900000e-01	3.509015e-05
2.000000e-01	2.000000e-01	3.612442e-05
2.100000e-01	2.100000e-01	3.708687e-05
2.200000e-01	2.200000e-01	3.797927e-05
2.300000e-01	2.300000e-01	3.880343e-05
2.400000e-01	2.400000e-01	3.956124e-05
2.500000e-01	2.500000e-01	4.025467e-05
2.600000e-01	2.600000e-01	4.088577e-05
2.700000e-01	2.700000e-01	4.145666e-05
2.800000e-01	2.800000e-01	4.196961e-05
2.900000e-01	2.900000e-01	4.242698e-05
3.000000e-01	3.000000e-01	4.283133e-05
3.100000e-01	3.100000e-01	4.318544e-05
3.200000e-01	3.200000e-01	4.349235e-05
3.300000e-01	3.300000e-01	4.375539e-05
3.400000e-01	3.400000e-01	4.397825e-05
3.500000e-01	3.500000e-01	4.416489e-05
3.600000e-01	3.600000e-01	4.431950e-05
3.700000e-01	3.700000e-01	4.444638e-05
3.800000e-01	3.800000e-01	4.451069e-05
3.900000e-01	3.900000e-01	4.463359e-05
4.000000e-01	4.000000e-01	4.471332e-05
4.100000e-01	4.100000e-01	4.475806e-05
4.200000e-01	4.200000e-01	4.477478e-05
4.300000e-01	4.300000e-01	4.483707e-05
4.400000e-01	4.400000e-01	4.488168e-05
4.500000e-01	4.500000e-01	4.491226e-05
4.600000e-01	4.600000e-01	4.493171e-05
4.700000e-01	4.700000e-01	4.494226e-05
4.800000e-01	4.800000e-01	4.494568e-05
4.900000e-01	4.900000e-01	4.494335e-05
5.000000e-01	5.000000e-01	4.493636e-05
5.100000e-01	5.100000e-01	4.497876e-05
5.200000e-01	5.200000e-01	4.501805e-05
5.300000e-01	5.300000e-01	4.499513e-05
5.400000e-01	5.400000e-01	4.497004e-05
5.500000e-01	5.500000e-01	4.500834e-05
5.600000e-01	5.600000e-01	4.504512e-05
5.700000e-01	5.700000e-01	4.501929e-05
5.800000e-01	5.800000e-01	4.499235e-05
5.900000e-01	5.900000e-01	4.502864e-05
6.000000e-01	6.000000e-01	4.506411e-05
6.100000e-01	6.100000e-01	4.503677e-05
6.200000e-01	6.200000e-01	4.500881e-05
6.300000e-01	6.300000e-01	4.504400e-05
6.400000e-01	6.400000e-01	4.507873e-05
6.500000e-01	6.500000e-01	4.505053e-05
6.600000e-01	6.600000e-01	4.502195e-05
6.700000e-01	6.700000e-01	4.505651e-05
6.800000e-01	6.800000e-01	4.509078e-05
6.900000e-01	6.900000e-01	4.506205e-05
7.000000e-01	7.000000e-01	4.503308e-05
7.100000e-01	7.100000e-01	4.506724e-05
7.200000e-01	7.200000e-01	4.510122e-05
7.300000e-01	7.300000e-01	4.507215e-05
7.400000e-01	7.400000e-01	4.504292e-05
7.500000e-01	7.500000e-01	4.507682e-05
7.600000e-01	7.600000e-01	4.511059e-05
7.700000e-01	7.700000e-01	4.508129e-05
7.800000e-01	7.800000e-01	4.505188e-05
7.900000e-01	7.900000e-01	4.508560e-05
8.000000e-01	8.000000e-01	4.511924e-05
8.100000e-01	8.100000e-01	4.508977e-05
8.200000e-01	8.200000e-01	4.506023e-05
8.300000e-01	8.300000e-01	4.509383e-05
8.400000e-01	8.400000e-01	4.512737e-05
8.500000e-01	8.500000e-01	4.509778e-05
8.600000e-01	8.600000e-01	4.506814e-05
8.700000e-01	8.700000e-01	4.510164e-05
8.800000e-01	8.800000e-01	4.513511e-05
8.900000e-01	8.900000e-01	4.510543e-05
9.000000e-01	9.000000e-01	4.507571e-05
9.100000e-01	9.100000e-01	4.510915e-05
9.200000e-01	9.200000e-01	4.514256e-05
9.300000e-01	9.300000e-01	4.511281e-05
9.400000e-01	9.400000e-01	4.508304e-05
9.500000e-01	9.500000e-01	4.511642e-05
9.600000e-01	9.600000e-01	4.514979e-05
9.700000e-01	9.700000e-01	4.511999e-05
9.800000e-01	9.800000e-01	4.509016e-05
9.900000e-01	9.900000e-01	4.512351e-05
0.000000e+00	0.000000e+00	-2.996872e-13
1.000000e-02	1.000000e-02	2.813590e-06
2.000000e-02	2.000000e-02	5.534723e-06
3.000000e-02	3.000000e-02	8.163913e-06
4.000000e-02	4.000000e-02	1.070171e-05
5.000000e-02	5.000000e-02	1.314869e-05
6.000000e-02	6.000000e-02	1.550546e-05
7.000000e-02	7.000000e-02	1.777268e-05
8.000000e-02	8.000000e-02	1.995102e-05
9.000000e-02	9.000000e-02	2.204119e-05
1.000000e-01	1.000000e-01	2.404397e-05
1.100000e-01	1.100000e-01	2.596013e-05
1.200000e-01	1.200000e-01	2.779053e-05
1.300000e-01	1.300000e-01	2.953603e-05
1.400000e-01	1.400000e-01	3.119756e-05
1.500000e-01	1.500000e-01	3.277609e-05
1.600000e-01	1.600000e-01	3.427262e-05
1.700000e-01	1.700000e-01	3.568820e-05
1.800000e-01	1.800000e-01	3.702394e-05
1.900000e-01	1.900000e-01	3.828097e-05
2.000000e-01	2.000000e-01	3.946048e-05
2.100000e-01	2.100000e-01	4.056372e-05
2.200000e-01	2.200000e-01	4.159196e-05
2.300000e-01	2.300000e-01	4.254655e-05
2.400000e-01	2.400000e-01	4.342891e-05
2.500000e-01	2.500000e-01	4.424052e-05
2.600000e-01	2.600000e-01	4.498298e-05
2.700000e-01	2.700000e-01	4.565801e-05
2.800000e-01	2.800000e-01	4.626749e-05
2.900000e-01	2.900000e-01	4.681353e-05
3.000000e-01	3.000000e-01	4.729851e-05
3.100000e-01	3.100000e-01	4.772514e-05
3.200000e-01	3.200000e-01	4.809655e-05
3.300000e-01	3.300000e-01	4.841633e-05
3.400000e-01	3.400000e-01	4.868853e-05
3.500000e-01	3.500000e-01	4.891764e-05
3.600000e-01	3.600000e-01	4.910847e-05
3.700000e-01	3.700000e-01	4.922695e-05
3.800000e-01	3.800000e-01	4.939518e-05
3.900000e-01	3.900000e-01	4.951129e-05
4.000000e-01	4.000000e-01	4.958442e-05
4.100000e-01	4.100000e-01	4.962257e-05
4.200000e-01	4.200000e-01	4.971334e-05
4.300000e-01	4.300000e-01	4.978157e-05
4.400000e-01	4.400000e-01	4.983182e-05
4.500000e-01	4.500000e-01	4.986772e-05
4.600000e-01	4.600000e-01	4.989215e-05
4.700000e-01	4.700000e-01	4.990738e-05
4.800000e-01	4.800000e-01	4.991520e-05
4.900000e-01	4.900000e-01	4.991701e-05
5.000000e-01	5.000000e-01	4.991393e-05
5.100000e-01	5.100000e-01	4.990682e-05
5.200000e-01	5.200000e-01	4.995813e-05
5.300000e-01	5.300000e-01	5.000672e-05
5.400000e-01	5.400000e-01	4.997779e-05
5.500000e-01	5.500000e-01	4.994692e-05
5.600000e-01	5.600000e-01	4.999393e-05
5.700000e-01	5.700000e-01	5.003957e-05
5.800000e-01	5.800000e-01	5.000754e-05
5.900000e-01	5.900000e-01	4.997447e-05
6.000000e-01	6.000000e-01	5.001928e-05
6.100000e-01	6.100000e-01	5.006334e-05
6.200000e-01	6.200000e-01	5.002962e-05
6.300000e-01	6.300000e-01	4.999531e-05
6.400000e-01	6.400000e-01	5.003889e-05
6.500000e-01	6.500000e-01	5.008202e-05
6.600000e-01	6.600000e-01	5.004731e-05
6.700000e-01	6.700000e-01	5.001225e-05
6.800000e-01	6.800000e-01	5.005508e-05
6.900000e-01	6.900000e-01	5.009765e-05
7.000000e-01	7.000000e-01	5.006232e-05
7.100000e-01	7.100000e-01	5.002676e-05
7.200000e-01	7.200000e-01	5.006913e-05
7.300000e-01	7.300000e-01	5.011132e-05
7.400000e-01	7.400000e-01	5.007558e-05
7.500000e-01	7.500000e-01	5.003969e-05
7.600000e-01	7.600000e-01	5.008174e-05
7.700000e-01	7.700000e-01	5.012368e-05
7.800000e-01	7.800000e-01	5.008766e-05
7.900000e-01	7.900000e-01	5.005153e-05
8.000000e-01	8.000000e-01	5.009337e-05
8.100000e-01	8.100000e-01	5.013513e-05
8.200000e-01	8.200000e-01	5.009890e-05
8.300000e-01	8.300000e-01	5.006261e-05
8.400000e-01	8.400000e-01	5.010429e-05
8.500000e-01	8.500000e-01	5.014591e-05
8.600000e-01	8.600000e-01	5.010954e-05
8.700000e-01	8.700000e-01	5.007312e-05
8.800000e-01	8.800000e-01	5.011468e-05
8.900000e-01	8.900000e-01	5.015622e-05
9.000000e-01	9.000000e-01	5.011973e-05
9.100000e-01	9.100000e-01	5.008320e-05
9.200000e-01	9.200000e-01	5.012469e-05
9.300000e-01	9.300000e-01	5.016615e-05
9.400000e-01	9.400000e-01	5.012957e-05
9.500000e-01	9.500000e-01	5.009296e-05
9.600000e-01	9.600000e-01	5.013438e-05
9.700000e-01	9.700000e-01	5.017579e-05
9.800000e-01	9.800000e-01	5.013914e-05
9.900000e-01	9.900000e-01	5.010247e-05
