sweep (current)	sweep (current)	id(m1a) (current)
0.000000e+00	0.000000e+00	-1.361676e-44
1.000000e-02	1.000000e-02	2.283793e-06
2.000000e-02	2.000000e-02	4.489634e-06
3.000000e-02	3.000000e-02	6.617999e-06
4.000000e-02	4.000000e-02	8.669317e-06
5.000000e-02	5.000000e-02	1.064410e-05
6.000000e-02	6.000000e-02	1.254290e-05
7.000000e-02	7.000000e-02	1.436628e-05
8.000000e-02	8.000000e-02	1.611488e-05
9.000000e-02	9.000000e-02	1.778935e-05
1.000000e-01	1.000000e-01	1.939042e-05
1.100000e-01	1.100000e-01	2.091885e-05
1.200000e-01	1.200000e-01	2.237550e-05
1.300000e-01	1.300000e-01	2.376123e-05
1.400000e-01	1.400000e-01	2.507702e-05
1.500000e-01	1.500000e-01	2.632390e-05
1.600000e-01	1.600000e-01	2.750296e-05
1.700000e-01	1.700000e-01	2.861539e-05
1.800000e-01	1.800000e-01	2.966245e-05
1.900000e-01	1.900000e-01	3.064547e-05
2.000000e-01	2.000000e-01	3.156588e-05
2.100000e-01	2.100000e-01	3.242517e-05
2.200000e-01	2.200000e-01	3.322494e-05
2.300000e-01	2.300000e-01	3.396685e-05
2.400000e-01	2.400000e-01	3.465263e-05
2.500000e-01	2.500000e-01	3.528409e-05
2.600000e-01	2.600000e-01	3.586309e-05
2.700000e-01	2.700000e-01	3.639157e-05
2.800000e-01	2.800000e-01	3.687152e-05
2.900000e-01	2.900000e-01	3.730495e-05
3.000000e-01	3.000000e-01	3.769398e-05
3.100000e-01	3.100000e-01	3.804074e-05
3.200000e-01	3.200000e-01	3.834746e-05
3.300000e-01	3.300000e-01	3.861645e-05
3.400000e-01	3.400000e-01	3.885017e-05
3.500000e-01	3.500000e-01	3.905117e-05
3.600000e-01	3.600000e-01	3.922220e-05
3.700000e-01	3.700000e-01	3.936615e-05
3.800000e-01	3.800000e-01	3.948602e-05
3.900000e-01	3.900000e-01	3.958488e-05
4.000000e-01	4.000000e-01	3.962648e-05
4.100000e-01	4.100000e-01	3.973167e-05
4.200000e-01	4.200000e-01	3.979628e-05
4.300000e-01	4.300000e-01	3.982765e-05
4.400000e-01	4.400000e-01	3.983215e-05
4.500000e-01	4.500000e-01	3.989183e-05
4.600000e-01	4.600000e-01	3.993436e-05
4.700000e-01	4.700000e-01	3.996326e-05
4.800000e-01	4.800000e-01	3.998131e-05
4.900000e-01	4.900000e-01	3.999070e-05
5.000000e-01	5.000000e-01	3.999314e-05
5.100000e-01	5.100000e-01	3.999000e-05
5.200000e-01	5.200000e-01	3.998232e-05
5.300000e-01	5.300000e-01	3.997094e-05
5.400000e-01	5.400000e-01	4.000822e-05
5.500000e-01	5.500000e-01	4.004302e-05
5.600000e-01	5.600000e-01	4.001922e-05
5.700000e-01	5.700000e-01	3.999368e-05
5.800000e-01	5.800000e-01	4.002815e-05
5.900000e-01	5.900000e-01	4.006139e-05
6.000000e-01	6.000000e-01	4.003559e-05
6.100000e-01	6.100000e-01	4.000887e-05
6.200000e-01	6.200000e-01	4.004196e-05
6.300000e-01	6.300000e-01	4.007438e-05
6.400000e-01	6.400000e-01	4.004752e-05
6.500000e-01	6.500000e-01	4.002015e-05
6.600000e-01	6.600000e-01	4.005248e-05
6.700000e-01	6.700000e-01	4.008442e-05
6.800000e-01	6.800000e-01	4.005696e-05
6.900000e-01	6.900000e-01	4.002918e-05
7.000000e-01	7.000000e-01	4.006107e-05
7.100000e-01	7.100000e-01	4.009271e-05
7.200000e-01	7.200000e-01	4.006488e-05
7.300000e-01	7.300000e-01	4.003685e-05
7.400000e-01	7.400000e-01	4.006846e-05
7.500000e-01	7.500000e-01	4.009991e-05
7.600000e-01	7.600000e-01	4.007184e-05
7.700000e-01	7.700000e-01	4.004363e-05
7.800000e-01	7.800000e-01	4.007506e-05
7.900000e-01	7.900000e-01	4.010638e-05
8.000000e-01	8.000000e-01	4.007814e-05
8.100000e-01	8.100000e-01	4.004981e-05
8.200000e-01	8.200000e-01	4.008111e-05
8.300000e-01	8.300000e-01	4.011235e-05
8.400000e-01	8.400000e-01	4.008399e-05
8.500000e-01	8.500000e-01	4.005556e-05
8.600000e-01	8.600000e-01	4.008678e-05
8.700000e-01	8.700000e-01	4.011795e-05
8.800000e-01	8.800000e-01	4.008951e-05
8.900000e-01	8.900000e-01	4.006101e-05
9.000000e-01	9.000000e-01	4.009217e-05
9.100000e-01	9.100000e-01	4.012329e-05
9.200000e-01	9.200000e-01	4.009478e-05
9.300000e-01	9.300000e-01	4.006623e-05
9.400000e-01	9.400000e-01	4.009734e-05
9.500000e-01	9.500000e-01	4.012843e-05
9.600000e-01	9.600000e-01	4.009986e-05
9.700000e-01	9.700000e-01	4.007128e-05
9.800000e-01	9.800000e-01	4.010235e-05
9.900000e-01	9.900000e-01	4.013341e-05
0.000000e+00	0.000000e+00	-1.936529e-28
1.000000e-02	1.000000e-02	2.439686e-06
2.000000e-02	2.000000e-02	4.801430e-06
3.000000e-02	3.000000e-02	7.085696e-06
4.000000e-02	4.000000e-02	9.292905e-06
5.000000e-02	5.000000e-02	1.142355e-05
6.000000e-02	6.000000e-02	1.347815e-05
7.000000e-02	7.000000e-02	1.545723e-05
8.000000e-02	8.000000e-02	1.736138e-05
9.000000e-02	9.000000e-02	1.919121e-05
1.000000e-01	1.000000e-01	2.094736e-05
1.100000e-01	1.100000e-01	2.263052e-05
1.200000e-01	1.200000e-01	2.424141e-05
1.300000e-01	1.300000e-01	2.578079e-05
1.400000e-01	1.400000e-01	2.724947e-05
1.500000e-01	1.500000e-01	2.864832e-05
1.600000e-01	1.600000e-01	2.997821e-05
1.700000e-01	1.700000e-01	3.124011e-05
1.800000e-01	1.800000e-01	3.243500e-05
1.900000e-01	1.900000e-01	3.356391e-05
2.000000e-01	2.000000e-01	3.462794e-05
2.100000e-01	2.100000e-01	3.562821e-05
2.200000e-01	2.200000e-01	3.656591e-05
2.300000e-01	2.300000e-01	3.744225e-05
2.400000e-01	2.400000e-01	3.825852e-05
2.500000e-01	2.500000e-01	3.901602e-05
2.600000e-01	2.600000e-01	3.971613e-05
2.700000e-01	2.700000e-01	4.036027e-05
2.800000e-01	2.800000e-01	4.094994e-05
2.900000e-01	2.900000e-01	4.148670e-05
3.000000e-01	3.000000e-01	4.197222e-05
3.100000e-01	3.100000e-01	4.240829e-05
3.200000e-01	3.200000e-01	4.279688e-05
3.300000e-01	3.300000e-01	4.314013e-05
3.400000e-01	3.400000e-01	4.344045e-05
3.500000e-01	3.500000e-01	4.370052e-05
3.600000e-01	3.600000e-01	4.392333e-05
3.700000e-01	3.700000e-01	4.411216e-05
3.800000e-01	3.800000e-01	4.427054e-05
3.900000e-01	3.900000e-01	4.436353e-05
4.000000e-01	4.000000e-01	4.451072e-05
4.100000e-01	4.100000e-01	4.460949e-05
4.200000e-01	4.200000e-01	4.466782e-05
4.300000e-01	4.300000e-01	4.469288e-05
4.400000e-01	4.400000e-01	4.478022e-05
4.500000e-01	4.500000e-01	4.484578e-05
4.600000e-01	4.600000e-01	4.489385e-05
4.700000e-01	4.700000e-01	4.488036e-05
4.800000e-01	4.800000e-01	4.490330e-05
4.900000e-01	4.900000e-01	4.491725e-05
5.000000e-01	5.000000e-01	4.492394e-05
5.100000e-01	5.100000e-01	4.492475e-05
5.200000e-01	5.200000e-01	4.496575e-05
5.300000e-01	5.300000e-01	4.500286e-05
5.400000e-01	5.400000e-01	4.498606e-05
5.500000e-01	5.500000e-01	4.496658e-05
5.600000e-01	5.600000e-01	4.500211e-05
5.700000e-01	5.700000e-01	4.503579e-05
5.800000e-01	5.800000e-01	4.501518e-05
5.900000e-01	5.900000e-01	4.499321e-05
6.000000e-01	6.000000e-01	4.502611e-05
6.100000e-01	6.100000e-01	4.505804e-05
6.200000e-01	6.200000e-01	4.503548e-05
6.300000e-01	6.300000e-01	4.501217e-05
6.400000e-01	6.400000e-01	4.504367e-05
6.500000e-01	6.500000e-01	4.507461e-05
6.600000e-01	6.600000e-01	4.505096e-05
6.700000e-01	6.700000e-01	4.502688e-05
6.800000e-01	6.800000e-01	4.505757e-05
6.900000e-01	6.900000e-01	4.508792e-05
7.000000e-01	7.000000e-01	4.506362e-05
7.100000e-01	7.100000e-01	4.503904e-05
7.200000e-01	7.200000e-01	4.506923e-05
7.300000e-01	7.300000e-01	4.509921e-05
7.400000e-01	7.400000e-01	4.507450e-05
7.500000e-01	7.500000e-01	4.504960e-05
7.600000e-01	7.600000e-01	4.507947e-05
7.700000e-01	7.700000e-01	4.510920e-05
7.800000e-01	7.800000e-01	4.508420e-05
7.900000e-01	7.900000e-01	4.505908e-05
8.000000e-01	8.000000e-01	4.508873e-05
8.100000e-01	8.100000e-01	4.511829e-05
8.200000e-01	8.200000e-01	4.509309e-05
8.300000e-01	8.300000e-01	4.506781e-05
8.400000e-01	8.400000e-01	4.509731e-05
8.500000e-01	8.500000e-01	4.512675e-05
8.600000e-01	8.600000e-01	4.510141e-05
8.700000e-01	8.700000e-01	4.507601e-05
8.800000e-01	8.800000e-01	4.510540e-05
8.900000e-01	8.900000e-01	4.513475e-05
9.000000e-01	9.000000e-01	4.510930e-05
9.100000e-01	9.100000e-01	4.508381e-05
9.200000e-01	9.200000e-01	4.511312e-05
9.300000e-01	9.300000e-01	4.514240e-05
9.400000e-01	9.400000e-01	4.511687e-05
9.500000e-01	9.500000e-01	4.509131e-05
9.600000e-01	9.600000e-01	4.512056e-05
9.700000e-01	9.700000e-01	4.514979e-05
9.800000e-01	9.800000e-01	4.512420e-05
9.900000e-01	9.900000e-01	4.509858e-05
0.000000e+00	0.000000e+00	-1.589073e-13
1.000000e-02	1.000000e-02	2.612208e-06
2.000000e-02	2.000000e-02	5.145783e-06
3.000000e-02	3.000000e-02	7.601101e-06
4.000000e-02	4.000000e-02	9.978561e-06
5.000000e-02	5.000000e-02	1.227858e-05
6.000000e-02	6.000000e-02	1.450159e-05
7.000000e-02	7.000000e-02	1.664806e-05
8.000000e-02	8.000000e-02	1.871846e-05
9.000000e-02	9.000000e-02	2.071330e-05
1.000000e-01	1.000000e-01	2.263310e-05
1.100000e-01	1.100000e-01	2.447840e-05
1.200000e-01	1.200000e-01	2.624980e-05
1.300000e-01	1.300000e-01	2.794788e-05
1.400000e-01	1.400000e-01	2.957326e-05
1.500000e-01	1.500000e-01	3.112661e-05
1.600000e-01	1.600000e-01	3.260859e-05
1.700000e-01	1.700000e-01	3.401991e-05
1.800000e-01	1.800000e-01	3.536129e-05
1.900000e-01	1.900000e-01	3.663350e-05
2.000000e-01	2.000000e-01	3.783733e-05
2.100000e-01	2.100000e-01	3.897357e-05
2.200000e-01	2.200000e-01	4.004308e-05
2.300000e-01	2.300000e-01	4.104673e-05
2.400000e-01	2.400000e-01	4.198545e-05
2.500000e-01	2.500000e-01	4.286018e-05
2.600000e-01	2.600000e-01	4.367196e-05
2.700000e-01	2.700000e-01	4.442186e-05
2.800000e-01	2.800000e-01	4.511106e-05
2.900000e-01	2.900000e-01	4.574085e-05
3.000000e-01	3.000000e-01	4.631265e-05
3.100000e-01	3.100000e-01	4.682809e-05
3.200000e-01	3.200000e-01	4.728903e-05
3.300000e-01	3.300000e-01	4.769763e-05
3.400000e-01	3.400000e-01	4.805638e-05
3.500000e-01	3.500000e-01	4.836819e-05
3.600000e-01	3.600000e-01	4.863635e-05
3.700000e-01	3.700000e-01	4.886458e-05
3.800000e-01	3.800000e-01	4.901973e-05
3.900000e-01	3.900000e-01	4.921755e-05
4.000000e-01	4.000000e-01	4.935899e-05
4.100000e-01	4.100000e-01	4.945241e-05
4.200000e-01	4.200000e-01	4.955069e-05
4.300000e-01	4.300000e-01	4.961571e-05
4.400000e-01	4.400000e-01	4.965356e-05
4.500000e-01	4.500000e-01	4.973642e-05
4.600000e-01	4.600000e-01	4.980155e-05
4.700000e-01	4.700000e-01	4.981333e-05
4.800000e-01	4.800000e-01	4.981359e-05
4.900000e-01	4.900000e-01	4.986788e-05
5.000000e-01	5.000000e-01	4.991468e-05
5.100000e-01	5.100000e-01	4.990779e-05
5.200000e-01	5.200000e-01	4.989588e-05
5.300000e-01	5.300000e-01	4.993801e-05
5.400000e-01	5.400000e-01	4.997674e-05
5.500000e-01	5.500000e-01	4.996161e-05
5.600000e-01	5.600000e-01	4.994411e-05
5.700000e-01	5.700000e-01	4.998064e-05
5.800000e-01	5.800000e-01	5.001550e-05
5.900000e-01	5.900000e-01	4.999639e-05
6.000000e-01	6.000000e-01	4.997604e-05
6.100000e-01	6.100000e-01	5.000975e-05
6.200000e-01	6.200000e-01	5.004256e-05
6.300000e-01	6.300000e-01	5.002134e-05
6.400000e-01	6.400000e-01	4.999941e-05
6.500000e-01	6.500000e-01	5.003157e-05
6.600000e-01	6.600000e-01	5.006320e-05
6.700000e-01	6.700000e-01	5.004077e-05
6.800000e-01	6.800000e-01	5.001791e-05
6.900000e-01	6.900000e-01	5.004914e-05
7.000000e-01	7.000000e-01	5.008005e-05
7.100000e-01	7.100000e-01	5.005687e-05
7.200000e-01	7.200000e-01	5.003341e-05
7.300000e-01	7.300000e-01	5.006407e-05
7.400000e-01	7.400000e-01	5.009452e-05
7.500000e-01	7.500000e-01	5.007084e-05
7.600000e-01	7.600000e-01	5.004699e-05
7.700000e-01	7.700000e-01	5.007726e-05
7.800000e-01	7.800000e-01	5.010740e-05
7.900000e-01	7.900000e-01	5.008339e-05
8.000000e-01	8.000000e-01	5.005926e-05
8.100000e-01	8.100000e-01	5.008927e-05
8.200000e-01	8.200000e-01	5.011919e-05
8.300000e-01	8.300000e-01	5.009495e-05
8.400000e-01	8.400000e-01	5.007062e-05
8.500000e-01	8.500000e-01	5.010044e-05
8.600000e-01	8.600000e-01	5.013020e-05
8.700000e-01	8.700000e-01	5.010578e-05
8.800000e-01	8.800000e-01	5.008130e-05
8.900000e-01	8.900000e-01	5.011099e-05
9.000000e-01	9.000000e-01	5.014063e-05
9.100000e-01	9.100000e-01	5.011609e-05
9.200000e-01	9.200000e-01	5.009150e-05
9.300000e-01	9.300000e-01	5.012108e-05
9.400000e-01	9.400000e-01	5.015063e-05
9.500000e-01	9.500000e-01	5.012599e-05
9.600000e-01	9.600000e-01	5.010131e-05
9.700000e-01	9.700000e-01	5.013082e-05
9.800000e-01	9.800000e-01	5.016030e-05
9.900000e-01	9.900000e-01	5.013558e-05
