sweep (current)	sweep (current)	id(m1a) (current)
0.000000e+00	0.000000e+00	4.508994e-37
1.000000e-02	1.000000e-02	2.742515e-06
2.000000e-02	2.000000e-02	5.371000e-06
3.000000e-02	3.000000e-02	7.886248e-06
4.000000e-02	4.000000e-02	1.028903e-05
5.000000e-02	5.000000e-02	1.258026e-05
6.000000e-02	6.000000e-02	1.476092e-05
7.000000e-02	7.000000e-02	1.683210e-05
8.000000e-02	8.000000e-02	1.879498e-05
9.000000e-02	9.000000e-02	2.065086e-05
1.000000e-01	1.000000e-01	2.240121e-05
1.100000e-01	1.100000e-01	2.404759e-05
1.200000e-01	1.200000e-01	2.559176e-05
1.300000e-01	1.300000e-01	2.703564e-05
1.400000e-01	1.400000e-01	2.838135e-05
1.500000e-01	1.500000e-01	2.963120e-05
1.600000e-01	1.600000e-01	3.078771e-05
1.700000e-01	1.700000e-01	3.185364e-05
1.800000e-01	1.800000e-01	3.283195e-05
1.900000e-01	1.900000e-01	3.372583e-05
2.000000e-01	2.000000e-01	3.453870e-05
2.100000e-01	2.100000e-01	3.527415e-05
2.200000e-01	2.200000e-01	3.593596e-05
2.300000e-01	2.300000e-01	3.652805e-05
2.400000e-01	2.400000e-01	3.705444e-05
2.500000e-01	2.500000e-01	3.751924e-05
2.600000e-01	2.600000e-01	3.792658e-05
2.700000e-01	2.700000e-01	3.828061e-05
2.800000e-01	2.800000e-01	3.858550e-05
2.900000e-01	2.900000e-01	3.884541e-05
3.000000e-01	3.000000e-01	3.906452e-05
3.100000e-01	3.100000e-01	3.924704e-05
3.200000e-01	3.200000e-01	3.939723e-05
3.300000e-01	3.300000e-01	3.951934e-05
3.400000e-01	3.400000e-01	3.961756e-05
3.500000e-01	3.500000e-01	3.969587e-05
3.600000e-01	3.600000e-01	3.975795e-05
3.700000e-01	3.700000e-01	3.980705e-05
3.800000e-01	3.800000e-01	3.981238e-05
3.900000e-01	3.900000e-01	3.987682e-05
4.000000e-01	4.000000e-01	3.991434e-05
4.100000e-01	4.100000e-01	3.993091e-05
4.200000e-01	4.200000e-01	3.993119e-05
4.300000e-01	4.300000e-01	3.991877e-05
4.400000e-01	4.400000e-01	3.996225e-05
4.500000e-01	4.500000e-01	3.999792e-05
4.600000e-01	4.600000e-01	3.997964e-05
4.700000e-01	4.700000e-01	3.995637e-05
4.800000e-01	4.800000e-01	3.999253e-05
4.900000e-01	4.900000e-01	4.002544e-05
5.000000e-01	5.000000e-01	4.000247e-05
5.100000e-01	5.100000e-01	3.997727e-05
5.200000e-01	5.200000e-01	4.001042e-05
5.300000e-01	5.300000e-01	4.004203e-05
5.400000e-01	5.400000e-01	4.001698e-05
5.500000e-01	5.500000e-01	3.999082e-05
5.600000e-01	5.600000e-01	4.002256e-05
5.700000e-01	5.700000e-01	4.005350e-05
5.800000e-01	5.800000e-01	4.002741e-05
5.900000e-01	5.900000e-01	4.000072e-05
6.000000e-01	6.000000e-01	4.003173e-05
6.100000e-01	6.100000e-01	4.006229e-05
6.200000e-01	6.200000e-01	4.003563e-05
6.300000e-01	6.300000e-01	4.000861e-05
6.400000e-01	6.400000e-01	4.003921e-05
6.500000e-01	6.500000e-01	4.006954e-05
6.600000e-01	6.600000e-01	4.004254e-05
6.700000e-01	6.700000e-01	4.001532e-05
6.800000e-01	6.800000e-01	4.004566e-05
6.900000e-01	6.900000e-01	4.007584e-05
7.000000e-01	7.000000e-01	4.004862e-05
7.100000e-01	7.100000e-01	4.002126e-05
7.200000e-01	7.200000e-01	4.005145e-05
7.300000e-01	7.300000e-01	4.008152e-05
7.400000e-01	7.400000e-01	4.005416e-05
7.500000e-01	7.500000e-01	4.002670e-05
7.600000e-01	7.600000e-01	4.005678e-05
7.700000e-01	7.700000e-01	4.008679e-05
7.800000e-01	7.800000e-01	4.005933e-05
7.900000e-01	7.900000e-01	4.003180e-05
8.000000e-01	8.000000e-01	4.006180e-05
8.100000e-01	8.100000e-01	4.009176e-05
8.200000e-01	8.200000e-01	4.006422e-05
8.300000e-01	8.300000e-01	4.003664e-05
8.400000e-01	8.400000e-01	4.006659e-05
8.500000e-01	8.500000e-01	4.009651e-05
8.600000e-01	8.600000e-01	4.006892e-05
8.700000e-01	8.700000e-01	4.004129e-05
8.800000e-01	8.800000e-01	4.007121e-05
8.900000e-01	8.900000e-01	4.010110e-05
9.000000e-01	9.000000e-01	4.007346e-05
9.100000e-01	9.100000e-01	4.004580e-05
9.200000e-01	9.200000e-01	4.007569e-05
9.300000e-01	9.300000e-01	4.010556e-05
9.400000e-01	9.400000e-01	4.007789e-05
9.500000e-01	9.500000e-01	4.005020e-05
9.600000e-01	9.600000e-01	4.008007e-05
9.700000e-01	9.700000e-01	4.010993e-05
9.800000e-01	9.800000e-01	4.008223e-05
9.900000e-01	9.900000e-01	4.005452e-05
0.000000e+00	0.000000e+00	-3.688018e-28
1.000000e-02	1.000000e-02	2.910576e-06
2.000000e-02	2.000000e-02	5.707629e-06
3.000000e-02	3.000000e-02	8.391987e-06
4.000000e-02	4.000000e-02	1.096445e-05
5.000000e-02	5.000000e-02	1.342594e-05
6.000000e-02	6.000000e-02	1.577744e-05
7.000000e-02	7.000000e-02	1.802003e-05
8.000000e-02	8.000000e-02	2.015486e-05
9.000000e-02	9.000000e-02	2.218318e-05
1.000000e-01	1.000000e-01	2.410634e-05
1.100000e-01	1.100000e-01	2.592580e-05
1.200000e-01	1.200000e-01	2.764313e-05
1.300000e-01	1.300000e-01	2.926003e-05
1.400000e-01	1.400000e-01	3.077831e-05
1.500000e-01	1.500000e-01	3.219994e-05
1.600000e-01	1.600000e-01	3.352701e-05
1.700000e-01	1.700000e-01	3.476174e-05
1.800000e-01	1.800000e-01	3.590649e-05
1.900000e-01	1.900000e-01	3.696378e-05
2.000000e-01	2.000000e-01	3.793623e-05
2.100000e-01	2.100000e-01	3.882659e-05
2.200000e-01	2.200000e-01	3.963776e-05
2.300000e-01	2.300000e-01	4.037271e-05
2.400000e-01	2.400000e-01	4.103456e-05
2.500000e-01	2.500000e-01	4.162651e-05
2.600000e-01	2.600000e-01	4.215190e-05
2.700000e-01	2.700000e-01	4.261423e-05
2.800000e-01	2.800000e-01	4.301715e-05
2.900000e-01	2.900000e-01	4.336457e-05
3.000000e-01	3.000000e-01	4.366066e-05
3.100000e-01	3.100000e-01	4.390990e-05
3.200000e-01	3.200000e-01	4.411708e-05
3.300000e-01	3.300000e-01	4.428722e-05
3.400000e-01	3.400000e-01	4.442543e-05
3.500000e-01	3.500000e-01	4.453673e-05
3.600000e-01	3.600000e-01	4.458129e-05
3.700000e-01	3.700000e-01	4.469715e-05
3.800000e-01	3.800000e-01	4.476920e-05
3.900000e-01	3.900000e-01	4.480657e-05
4.000000e-01	4.000000e-01	4.481666e-05
4.100000e-01	4.100000e-01	4.486620e-05
4.200000e-01	4.200000e-01	4.489902e-05
4.300000e-01	4.300000e-01	4.491871e-05
4.400000e-01	4.400000e-01	4.492805e-05
4.500000e-01	4.500000e-01	4.492917e-05
4.600000e-01	4.600000e-01	4.492373e-05
4.700000e-01	4.700000e-01	4.496557e-05
4.800000e-01	4.800000e-01	4.500316e-05
4.900000e-01	4.900000e-01	4.498308e-05
5.000000e-01	5.000000e-01	4.496012e-05
5.100000e-01	5.100000e-01	4.499691e-05
5.200000e-01	5.200000e-01	4.503174e-05
5.300000e-01	5.300000e-01	4.500819e-05
5.400000e-01	5.400000e-01	4.498322e-05
5.500000e-01	5.500000e-01	4.501767e-05
5.600000e-01	5.600000e-01	4.505110e-05
5.700000e-01	5.700000e-01	4.502582e-05
5.800000e-01	5.800000e-01	4.499979e-05
5.900000e-01	5.900000e-01	4.503301e-05
6.000000e-01	6.000000e-01	4.506567e-05
6.100000e-01	6.100000e-01	4.503945e-05
6.200000e-01	6.200000e-01	4.501279e-05
6.300000e-01	6.300000e-01	4.504533e-05
6.400000e-01	6.400000e-01	4.507752e-05
6.500000e-01	6.500000e-01	4.505075e-05
6.600000e-01	6.600000e-01	4.502370e-05
6.700000e-01	6.700000e-01	4.505581e-05
6.800000e-01	6.800000e-01	4.508772e-05
6.900000e-01	6.900000e-01	4.506059e-05
7.000000e-01	7.000000e-01	4.503328e-05
7.100000e-01	7.100000e-01	4.506513e-05
7.200000e-01	7.200000e-01	4.509684e-05
7.300000e-01	7.300000e-01	4.506947e-05
7.400000e-01	7.400000e-01	4.504199e-05
7.500000e-01	7.500000e-01	4.507366e-05
7.600000e-01	7.600000e-01	4.510524e-05
7.700000e-01	7.700000e-01	4.507770e-05
7.800000e-01	7.800000e-01	4.505009e-05
7.900000e-01	7.900000e-01	4.508164e-05
8.000000e-01	8.000000e-01	4.511312e-05
8.100000e-01	8.100000e-01	4.508547e-05
8.200000e-01	8.200000e-01	4.505776e-05
8.300000e-01	8.300000e-01	4.508922e-05
8.400000e-01	8.400000e-01	4.512063e-05
8.500000e-01	8.500000e-01	4.509289e-05
8.600000e-01	8.600000e-01	4.506511e-05
8.700000e-01	8.700000e-01	4.509650e-05
8.800000e-01	8.800000e-01	4.512786e-05
8.900000e-01	8.900000e-01	4.510005e-05
9.000000e-01	9.000000e-01	4.507221e-05
9.100000e-01	9.100000e-01	4.510356e-05
9.200000e-01	9.200000e-01	4.513488e-05
9.300000e-01	9.300000e-01	4.510702e-05
9.400000e-01	9.400000e-01	4.507914e-05
9.500000e-01	9.500000e-01	4.511044e-05
9.600000e-01	9.600000e-01	4.514174e-05
9.700000e-01	9.700000e-01	4.511383e-05
9.800000e-01	9.800000e-01	4.508591e-05
9.900000e-01	9.900000e-01	4.511719e-05
0.000000e+00	0.000000e+00	2.118128e-28
1.000000e-02	1.000000e-02	3.093826e-06
2.000000e-02	2.000000e-02	6.073957e-06
3.000000e-02	3.000000e-02	8.941154e-06
4.000000e-02	4.000000e-02	1.169621e-05
5.000000e-02	5.000000e-02	1.433999e-05
6.000000e-02	6.000000e-02	1.687341e-05
7.000000e-02	7.000000e-02	1.929744e-05
8.000000e-02	8.000000e-02	2.161314e-05
9.000000e-02	9.000000e-02	2.382162e-05
1.000000e-01	1.000000e-01	2.592405e-05
1.100000e-01	1.100000e-01	2.792170e-05
1.200000e-01	1.200000e-01	2.981590e-05
1.300000e-01	1.300000e-01	3.160807e-05
1.400000e-01	1.400000e-01	3.329971e-05
1.500000e-01	1.500000e-01	3.489240e-05
1.600000e-01	1.600000e-01	3.638780e-05
1.700000e-01	1.700000e-01	3.778767e-05
1.800000e-01	1.800000e-01	3.909382e-05
1.900000e-01	1.900000e-01	4.030819e-05
2.000000e-01	2.000000e-01	4.143277e-05
2.100000e-01	2.100000e-01	4.246966e-05
2.200000e-01	2.200000e-01	4.342105e-05
2.300000e-01	2.300000e-01	4.428924e-05
2.400000e-01	2.400000e-01	4.507665e-05
2.500000e-01	2.500000e-01	4.578586e-05
2.600000e-01	2.600000e-01	4.641966e-05
2.700000e-01	2.700000e-01	4.698111e-05
2.800000e-01	2.800000e-01	4.747357e-05
2.900000e-01	2.900000e-01	4.790085e-05
3.000000e-01	3.000000e-01	4.826722e-05
3.100000e-01	3.100000e-01	4.857751e-05
3.200000e-01	3.200000e-01	4.883703e-05
3.300000e-01	3.300000e-01	4.905154e-05
3.400000e-01	3.400000e-01	4.922697e-05
3.500000e-01	3.500000e-01	4.936927e-05
3.600000e-01	3.600000e-01	4.944539e-05
3.700000e-01	3.700000e-01	4.957649e-05
3.800000e-01	3.800000e-01	4.966387e-05
3.900000e-01	3.900000e-01	4.971643e-05
4.000000e-01	4.000000e-01	4.974145e-05
4.100000e-01	4.100000e-01	4.979952e-05
4.200000e-01	4.200000e-01	4.984052e-05
4.300000e-01	4.300000e-01	4.986802e-05
4.400000e-01	4.400000e-01	4.988481e-05
4.500000e-01	4.500000e-01	4.989307e-05
4.600000e-01	4.600000e-01	4.989447e-05
4.700000e-01	4.700000e-01	4.989033e-05
4.800000e-01	4.800000e-01	4.994699e-05
4.900000e-01	4.900000e-01	5.000000e-05
5.000000e-01	5.000000e-01	4.996838e-05
5.100000e-01	5.100000e-01	4.993421e-05
5.200000e-01	5.200000e-01	4.998560e-05
5.300000e-01	5.300000e-01	5.003523e-05
5.400000e-01	5.400000e-01	4.999989e-05
5.500000e-01	5.500000e-01	4.996326e-05
5.600000e-01	5.600000e-01	5.001208e-05
5.700000e-01	5.700000e-01	5.005997e-05
5.800000e-01	5.800000e-01	5.002270e-05
5.900000e-01	5.900000e-01	4.998471e-05
6.000000e-01	6.000000e-01	5.003215e-05
6.100000e-01	6.100000e-01	5.007906e-05
6.200000e-01	6.200000e-01	5.004069e-05
6.300000e-01	6.300000e-01	5.000190e-05
6.400000e-01	6.400000e-01	5.004853e-05
6.500000e-01	6.500000e-01	5.009484e-05
6.600000e-01	6.600000e-01	5.005581e-05
6.700000e-01	6.700000e-01	5.001651e-05
6.800000e-01	6.800000e-01	5.006264e-05
6.900000e-01	6.900000e-01	5.010857e-05
7.000000e-01	7.000000e-01	5.006910e-05
7.100000e-01	7.100000e-01	5.002946e-05
7.200000e-01	7.200000e-01	5.007526e-05
7.300000e-01	7.300000e-01	5.012094e-05
7.400000e-01	7.400000e-01	5.008118e-05
7.500000e-01	7.500000e-01	5.004130e-05
7.600000e-01	7.600000e-01	5.008688e-05
7.700000e-01	7.700000e-01	5.013238e-05
7.800000e-01	7.800000e-01	5.009241e-05
7.900000e-01	7.900000e-01	5.005236e-05
8.000000e-01	8.000000e-01	5.009779e-05
8.100000e-01	8.100000e-01	5.014316e-05
8.200000e-01	8.200000e-01	5.010303e-05
8.300000e-01	8.300000e-01	5.006285e-05
8.400000e-01	8.400000e-01	5.010817e-05
8.500000e-01	8.500000e-01	5.015345e-05
8.600000e-01	8.600000e-01	5.011321e-05
8.700000e-01	8.700000e-01	5.007293e-05
8.800000e-01	8.800000e-01	5.011816e-05
8.900000e-01	8.900000e-01	5.016337e-05
9.000000e-01	9.000000e-01	5.012304e-05
9.100000e-01	9.100000e-01	5.008268e-05
9.200000e-01	9.200000e-01	5.012786e-05
9.300000e-01	9.300000e-01	5.017301e-05
9.400000e-01	9.400000e-01	5.013261e-05
9.500000e-01	9.500000e-01	5.009219e-05
9.600000e-01	9.600000e-01	5.013732e-05
9.700000e-01	9.700000e-01	5.018243e-05
9.800000e-01	9.800000e-01	5.014197e-05
9.900000e-01	9.900000e-01	5.010150e-05
