sweep (current)	sweep (current)	id(m1a) (current)
3.800000e-05	3.800000e-05	3.802192e-05
3.801000e-05	3.801000e-05	3.802192e-05
3.802000e-05	3.802000e-05	3.802192e-05
3.803000e-05	3.803000e-05	3.806728e-05
3.804000e-05	3.804000e-05	3.811266e-05
3.805000e-05	3.805000e-05	3.808732e-05
3.806000e-05	3.806000e-05	3.806199e-05
3.807000e-05	3.807000e-05	3.810735e-05
3.808000e-05	3.808000e-05	3.815273e-05
3.809000e-05	3.809000e-05	3.812737e-05
3.810000e-05	3.810000e-05	3.810203e-05
3.811000e-05	3.811000e-05	3.814740e-05
3.812000e-05	3.812000e-05	3.819279e-05
3.813000e-05	3.813000e-05	3.816742e-05
3.814000e-05	3.814000e-05	3.814206e-05
3.815000e-05	3.815000e-05	3.818745e-05
3.816000e-05	3.816000e-05	3.823286e-05
3.817000e-05	3.817000e-05	3.820747e-05
3.818000e-05	3.818000e-05	3.818209e-05
3.819000e-05	3.819000e-05	3.822750e-05
3.820000e-05	3.820000e-05	3.827293e-05
3.821000e-05	3.821000e-05	3.824752e-05
3.822000e-05	3.822000e-05	3.822213e-05
3.823000e-05	3.823000e-05	3.826755e-05
3.824000e-05	3.824000e-05	3.831299e-05
3.825000e-05	3.825000e-05	3.828757e-05
3.826000e-05	3.826000e-05	3.826216e-05
3.827000e-05	3.827000e-05	3.830760e-05
3.828000e-05	3.828000e-05	3.835306e-05
3.829000e-05	3.829000e-05	3.832762e-05
3.830000e-05	3.830000e-05	3.830219e-05
3.831000e-05	3.831000e-05	3.834764e-05
3.832000e-05	3.832000e-05	3.839312e-05
3.833000e-05	3.833000e-05	3.836767e-05
3.834000e-05	3.834000e-05	3.834222e-05
3.835000e-05	3.835000e-05	3.838769e-05
3.836000e-05	3.836000e-05	3.843319e-05
3.837000e-05	3.837000e-05	3.840772e-05
3.838000e-05	3.838000e-05	3.838225e-05
3.839000e-05	3.839000e-05	3.842774e-05
3.840000e-05	3.840000e-05	3.847325e-05
3.841000e-05	3.841000e-05	3.844776e-05
3.842000e-05	3.842000e-05	3.842228e-05
3.843000e-05	3.843000e-05	3.846779e-05
3.844000e-05	3.844000e-05	3.851331e-05
3.845000e-05	3.845000e-05	3.848781e-05
3.846000e-05	3.846000e-05	3.846231e-05
3.847000e-05	3.847000e-05	3.850783e-05
3.848000e-05	3.848000e-05	3.855338e-05
3.849000e-05	3.849000e-05	3.852786e-05
3.850000e-05	3.850000e-05	3.850234e-05
3.851000e-05	3.851000e-05	3.854788e-05
3.852000e-05	3.852000e-05	3.859344e-05
3.853000e-05	3.853000e-05	3.856790e-05
3.854000e-05	3.854000e-05	3.854237e-05
3.855000e-05	3.855000e-05	3.858792e-05
3.856000e-05	3.856000e-05	3.863350e-05
3.857000e-05	3.857000e-05	3.860795e-05
3.858000e-05	3.858000e-05	3.858240e-05
3.859000e-05	3.859000e-05	3.862797e-05
3.860000e-05	3.860000e-05	3.867356e-05
3.861000e-05	3.861000e-05	3.864799e-05
3.862000e-05	3.862000e-05	3.862243e-05
3.863000e-05	3.863000e-05	3.866801e-05
3.864000e-05	3.864000e-05	3.871362e-05
3.865000e-05	3.865000e-05	3.868803e-05
3.866000e-05	3.866000e-05	3.866245e-05
3.867000e-05	3.867000e-05	3.870805e-05
3.868000e-05	3.868000e-05	3.875368e-05
3.869000e-05	3.869000e-05	3.872808e-05
3.870000e-05	3.870000e-05	3.870248e-05
3.871000e-05	3.871000e-05	3.874810e-05
3.872000e-05	3.872000e-05	3.879374e-05
3.873000e-05	3.873000e-05	3.876812e-05
3.874000e-05	3.874000e-05	3.874251e-05
3.875000e-05	3.875000e-05	3.878814e-05
3.876000e-05	3.876000e-05	3.883380e-05
3.877000e-05	3.877000e-05	3.880816e-05
3.878000e-05	3.878000e-05	3.878253e-05
3.879000e-05	3.879000e-05	3.882818e-05
3.880000e-05	3.880000e-05	3.887386e-05
3.881000e-05	3.881000e-05	3.884820e-05
3.882000e-05	3.882000e-05	3.882256e-05
3.883000e-05	3.883000e-05	3.886822e-05
3.884000e-05	3.884000e-05	3.891391e-05
3.885000e-05	3.885000e-05	3.888824e-05
3.886000e-05	3.886000e-05	3.886258e-05
3.887000e-05	3.887000e-05	3.890826e-05
3.888000e-05	3.888000e-05	3.895397e-05
3.889000e-05	3.889000e-05	3.892828e-05
3.890000e-05	3.890000e-05	3.890260e-05
3.891000e-05	3.891000e-05	3.894830e-05
3.892000e-05	3.892000e-05	3.899403e-05
3.893000e-05	3.893000e-05	3.896832e-05
3.894000e-05	3.894000e-05	3.894263e-05
3.895000e-05	3.895000e-05	3.898834e-05
3.896000e-05	3.896000e-05	3.903408e-05
3.897000e-05	3.897000e-05	3.900836e-05
3.898000e-05	3.898000e-05	3.898265e-05
3.899000e-05	3.899000e-05	3.902838e-05
3.900000e-05	3.900000e-05	3.907414e-05
3.901000e-05	3.901000e-05	3.904840e-05
3.902000e-05	3.902000e-05	3.902267e-05
3.903000e-05	3.903000e-05	3.906842e-05
3.904000e-05	3.904000e-05	3.911419e-05
3.905000e-05	3.905000e-05	3.908844e-05
3.906000e-05	3.906000e-05	3.906269e-05
3.907000e-05	3.907000e-05	3.910846e-05
3.908000e-05	3.908000e-05	3.915425e-05
3.909000e-05	3.909000e-05	3.912848e-05
3.910000e-05	3.910000e-05	3.910271e-05
3.911000e-05	3.911000e-05	3.914850e-05
3.912000e-05	3.912000e-05	3.919430e-05
3.913000e-05	3.913000e-05	3.916851e-05
3.914000e-05	3.914000e-05	3.914273e-05
3.915000e-05	3.915000e-05	3.918853e-05
3.916000e-05	3.916000e-05	3.923435e-05
3.917000e-05	3.917000e-05	3.920855e-05
3.918000e-05	3.918000e-05	3.918275e-05
3.919000e-05	3.919000e-05	3.922857e-05
3.920000e-05	3.920000e-05	3.927441e-05
3.921000e-05	3.921000e-05	3.924859e-05
3.922000e-05	3.922000e-05	3.922277e-05
3.923000e-05	3.923000e-05	3.926860e-05
3.924000e-05	3.924000e-05	3.931446e-05
3.925000e-05	3.925000e-05	3.928862e-05
3.926000e-05	3.926000e-05	3.926279e-05
3.927000e-05	3.927000e-05	3.930864e-05
3.928000e-05	3.928000e-05	3.935451e-05
3.929000e-05	3.929000e-05	3.932866e-05
3.930000e-05	3.930000e-05	3.930281e-05
3.931000e-05	3.931000e-05	3.934867e-05
3.932000e-05	3.932000e-05	3.939456e-05
3.933000e-05	3.933000e-05	3.936869e-05
3.934000e-05	3.934000e-05	3.934283e-05
3.935000e-05	3.935000e-05	3.938871e-05
3.936000e-05	3.936000e-05	3.943461e-05
3.937000e-05	3.937000e-05	3.940872e-05
3.938000e-05	3.938000e-05	3.938284e-05
3.939000e-05	3.939000e-05	3.942874e-05
3.940000e-05	3.940000e-05	3.947466e-05
3.941000e-05	3.941000e-05	3.944876e-05
3.942000e-05	3.942000e-05	3.942286e-05
3.943000e-05	3.943000e-05	3.946877e-05
3.944000e-05	3.944000e-05	3.951471e-05
3.945000e-05	3.945000e-05	3.948879e-05
3.946000e-05	3.946000e-05	3.946288e-05
3.947000e-05	3.947000e-05	3.950881e-05
3.948000e-05	3.948000e-05	3.955476e-05
3.949000e-05	3.949000e-05	3.952882e-05
3.950000e-05	3.950000e-05	3.950289e-05
3.951000e-05	3.951000e-05	3.954884e-05
3.952000e-05	3.952000e-05	3.959481e-05
3.953000e-05	3.953000e-05	3.956885e-05
3.954000e-05	3.954000e-05	3.954291e-05
3.955000e-05	3.955000e-05	3.958887e-05
3.956000e-05	3.956000e-05	3.963485e-05
3.957000e-05	3.957000e-05	3.960888e-05
3.958000e-05	3.958000e-05	3.958292e-05
3.959000e-05	3.959000e-05	3.962890e-05
3.960000e-05	3.960000e-05	3.967490e-05
3.961000e-05	3.961000e-05	3.964891e-05
3.962000e-05	3.962000e-05	3.962294e-05
3.963000e-05	3.963000e-05	3.966893e-05
3.964000e-05	3.964000e-05	3.971495e-05
3.965000e-05	3.965000e-05	3.968894e-05
3.966000e-05	3.966000e-05	3.966295e-05
3.967000e-05	3.967000e-05	3.970896e-05
3.968000e-05	3.968000e-05	3.975499e-05
3.969000e-05	3.969000e-05	3.972897e-05
3.970000e-05	3.970000e-05	3.970296e-05
3.971000e-05	3.971000e-05	3.974899e-05
3.972000e-05	3.972000e-05	3.979504e-05
3.973000e-05	3.973000e-05	3.976900e-05
3.974000e-05	3.974000e-05	3.974297e-05
3.975000e-05	3.975000e-05	3.978901e-05
3.976000e-05	3.976000e-05	3.983508e-05
3.977000e-05	3.977000e-05	3.980903e-05
3.978000e-05	3.978000e-05	3.978298e-05
3.979000e-05	3.979000e-05	3.982904e-05
3.980000e-05	3.980000e-05	3.987512e-05
3.981000e-05	3.981000e-05	3.984906e-05
3.982000e-05	3.982000e-05	3.982299e-05
3.983000e-05	3.983000e-05	3.986907e-05
3.984000e-05	3.984000e-05	3.991517e-05
3.985000e-05	3.985000e-05	3.988908e-05
3.986000e-05	3.986000e-05	3.986300e-05
3.987000e-05	3.987000e-05	3.990910e-05
3.988000e-05	3.988000e-05	3.995521e-05
3.989000e-05	3.989000e-05	3.992911e-05
3.990000e-05	3.990000e-05	3.990301e-05
3.991000e-05	3.991000e-05	3.994912e-05
3.992000e-05	3.992000e-05	3.999525e-05
3.993000e-05	3.993000e-05	3.996913e-05
3.994000e-05	3.994000e-05	3.994302e-05
3.995000e-05	3.995000e-05	3.998915e-05
3.996000e-05	3.996000e-05	4.003529e-05
3.997000e-05	3.997000e-05	4.000916e-05
3.998000e-05	3.998000e-05	3.998303e-05
3.999000e-05	3.999000e-05	4.002917e-05
4.000000e-05	4.000000e-05	4.007533e-05
4.001000e-05	4.001000e-05	4.004918e-05
4.002000e-05	4.002000e-05	4.002304e-05
4.003000e-05	4.003000e-05	4.006919e-05
4.004000e-05	4.004000e-05	4.011537e-05
4.005000e-05	4.005000e-05	4.008921e-05
4.006000e-05	4.006000e-05	4.006305e-05
4.007000e-05	4.007000e-05	4.010922e-05
4.008000e-05	4.008000e-05	4.015541e-05
4.009000e-05	4.009000e-05	4.012923e-05
4.010000e-05	4.010000e-05	4.010305e-05
4.011000e-05	4.011000e-05	4.014924e-05
4.012000e-05	4.012000e-05	4.019545e-05
4.013000e-05	4.013000e-05	4.016925e-05
4.014000e-05	4.014000e-05	4.014306e-05
4.015000e-05	4.015000e-05	4.018926e-05
4.016000e-05	4.016000e-05	4.023549e-05
4.017000e-05	4.017000e-05	4.020927e-05
4.018000e-05	4.018000e-05	4.018306e-05
4.019000e-05	4.019000e-05	4.022928e-05
4.020000e-05	4.020000e-05	4.027553e-05
4.021000e-05	4.021000e-05	4.024929e-05
4.022000e-05	4.022000e-05	4.022307e-05
4.023000e-05	4.023000e-05	4.026931e-05
4.024000e-05	4.024000e-05	4.031556e-05
4.025000e-05	4.025000e-05	4.028932e-05
4.026000e-05	4.026000e-05	4.026307e-05
4.027000e-05	4.027000e-05	4.030933e-05
4.028000e-05	4.028000e-05	4.035560e-05
4.029000e-05	4.029000e-05	4.032934e-05
4.030000e-05	4.030000e-05	4.030308e-05
4.031000e-05	4.031000e-05	4.034935e-05
4.032000e-05	4.032000e-05	4.039564e-05
4.033000e-05	4.033000e-05	4.036935e-05
4.034000e-05	4.034000e-05	4.034308e-05
4.035000e-05	4.035000e-05	4.038936e-05
4.036000e-05	4.036000e-05	4.043567e-05
4.037000e-05	4.037000e-05	4.040937e-05
4.038000e-05	4.038000e-05	4.038308e-05
4.039000e-05	4.039000e-05	4.042938e-05
4.040000e-05	4.040000e-05	4.047571e-05
4.041000e-05	4.041000e-05	4.044939e-05
4.042000e-05	4.042000e-05	4.042308e-05
4.043000e-05	4.043000e-05	4.046940e-05
4.044000e-05	4.044000e-05	4.051574e-05
4.045000e-05	4.045000e-05	4.048941e-05
4.046000e-05	4.046000e-05	4.046309e-05
4.047000e-05	4.047000e-05	4.050942e-05
4.048000e-05	4.048000e-05	4.055577e-05
4.049000e-05	4.049000e-05	4.052943e-05
4.050000e-05	4.050000e-05	4.050309e-05
4.051000e-05	4.051000e-05	4.054943e-05
4.052000e-05	4.052000e-05	4.059581e-05
4.053000e-05	4.053000e-05	4.056944e-05
4.054000e-05	4.054000e-05	4.054309e-05
4.055000e-05	4.055000e-05	4.058945e-05
4.056000e-05	4.056000e-05	4.063584e-05
4.057000e-05	4.057000e-05	4.060946e-05
4.058000e-05	4.058000e-05	4.058309e-05
4.059000e-05	4.059000e-05	4.062947e-05
4.060000e-05	4.060000e-05	4.067587e-05
4.061000e-05	4.061000e-05	4.064947e-05
4.062000e-05	4.062000e-05	4.062308e-05
4.063000e-05	4.063000e-05	4.066948e-05
4.064000e-05	4.064000e-05	4.071590e-05
4.065000e-05	4.065000e-05	4.068949e-05
4.066000e-05	4.066000e-05	4.066308e-05
4.067000e-05	4.067000e-05	4.070949e-05
4.068000e-05	4.068000e-05	4.075593e-05
4.069000e-05	4.069000e-05	4.072950e-05
4.070000e-05	4.070000e-05	4.070308e-05
4.071000e-05	4.071000e-05	4.074951e-05
4.072000e-05	4.072000e-05	4.079596e-05
4.073000e-05	4.073000e-05	4.076951e-05
4.074000e-05	4.074000e-05	4.074308e-05
4.075000e-05	4.075000e-05	4.078952e-05
4.076000e-05	4.076000e-05	4.083599e-05
4.077000e-05	4.077000e-05	4.080953e-05
4.078000e-05	4.078000e-05	4.078307e-05
4.079000e-05	4.079000e-05	4.082953e-05
4.080000e-05	4.080000e-05	4.087602e-05
4.081000e-05	4.081000e-05	4.084954e-05
4.082000e-05	4.082000e-05	4.082307e-05
4.083000e-05	4.083000e-05	4.086954e-05
4.084000e-05	4.084000e-05	4.091604e-05
4.085000e-05	4.085000e-05	4.088955e-05
4.086000e-05	4.086000e-05	4.086306e-05
4.087000e-05	4.087000e-05	4.090956e-05
4.088000e-05	4.088000e-05	4.095607e-05
4.089000e-05	4.089000e-05	4.092956e-05
4.090000e-05	4.090000e-05	4.090306e-05
4.091000e-05	4.091000e-05	4.094957e-05
4.092000e-05	4.092000e-05	4.099610e-05
4.093000e-05	4.093000e-05	4.096957e-05
4.094000e-05	4.094000e-05	4.094305e-05
4.095000e-05	4.095000e-05	4.098958e-05
4.096000e-05	4.096000e-05	4.103612e-05
4.097000e-05	4.097000e-05	4.100958e-05
4.098000e-05	4.098000e-05	4.098305e-05
4.099000e-05	4.099000e-05	4.102958e-05
4.100000e-05	4.100000e-05	4.107615e-05
4.101000e-05	4.101000e-05	4.104959e-05
4.102000e-05	4.102000e-05	4.102304e-05
4.103000e-05	4.103000e-05	4.106959e-05
4.104000e-05	4.104000e-05	4.111617e-05
4.105000e-05	4.105000e-05	4.108960e-05
4.106000e-05	4.106000e-05	4.106303e-05
4.107000e-05	4.107000e-05	4.110960e-05
4.108000e-05	4.108000e-05	4.115620e-05
4.109000e-05	4.109000e-05	4.112960e-05
4.110000e-05	4.110000e-05	4.110302e-05
4.111000e-05	4.111000e-05	4.114961e-05
4.112000e-05	4.112000e-05	4.119622e-05
4.113000e-05	4.113000e-05	4.116961e-05
4.114000e-05	4.114000e-05	4.114301e-05
4.115000e-05	4.115000e-05	4.118961e-05
4.116000e-05	4.116000e-05	4.123624e-05
4.117000e-05	4.117000e-05	4.120962e-05
4.118000e-05	4.118000e-05	4.118300e-05
4.119000e-05	4.119000e-05	4.122962e-05
4.120000e-05	4.120000e-05	4.127626e-05
4.121000e-05	4.121000e-05	4.124962e-05
4.122000e-05	4.122000e-05	4.122299e-05
4.123000e-05	4.123000e-05	4.126963e-05
4.124000e-05	4.124000e-05	4.131628e-05
4.125000e-05	4.125000e-05	4.128963e-05
4.126000e-05	4.126000e-05	4.126298e-05
4.127000e-05	4.127000e-05	4.130963e-05
4.128000e-05	4.128000e-05	4.135630e-05
4.129000e-05	4.129000e-05	4.132963e-05
4.130000e-05	4.130000e-05	4.130297e-05
4.131000e-05	4.131000e-05	4.134963e-05
4.132000e-05	4.132000e-05	4.139632e-05
4.133000e-05	4.133000e-05	4.136964e-05
4.134000e-05	4.134000e-05	4.134295e-05
4.135000e-05	4.135000e-05	4.138964e-05
4.136000e-05	4.136000e-05	4.143634e-05
4.137000e-05	4.137000e-05	4.140964e-05
4.138000e-05	4.138000e-05	4.138294e-05
4.139000e-05	4.139000e-05	4.142964e-05
4.140000e-05	4.140000e-05	4.147636e-05
4.141000e-05	4.141000e-05	4.144964e-05
4.142000e-05	4.142000e-05	4.142293e-05
4.143000e-05	4.143000e-05	4.146964e-05
4.144000e-05	4.144000e-05	4.151638e-05
4.145000e-05	4.145000e-05	4.148964e-05
4.146000e-05	4.146000e-05	4.146291e-05
4.147000e-05	4.147000e-05	4.150964e-05
4.148000e-05	4.148000e-05	4.155640e-05
4.149000e-05	4.149000e-05	4.152964e-05
4.150000e-05	4.150000e-05	4.150290e-05
4.151000e-05	4.151000e-05	4.154964e-05
4.152000e-05	4.152000e-05	4.159641e-05
4.153000e-05	4.153000e-05	4.156964e-05
4.154000e-05	4.154000e-05	4.154288e-05
4.155000e-05	4.155000e-05	4.158964e-05
4.156000e-05	4.156000e-05	4.163643e-05
4.157000e-05	4.157000e-05	4.160964e-05
4.158000e-05	4.158000e-05	4.158286e-05
4.159000e-05	4.159000e-05	4.162964e-05
4.160000e-05	4.160000e-05	4.167644e-05
4.161000e-05	4.161000e-05	4.164964e-05
4.162000e-05	4.162000e-05	4.162285e-05
4.163000e-05	4.163000e-05	4.166964e-05
4.164000e-05	4.164000e-05	4.171646e-05
4.165000e-05	4.165000e-05	4.168964e-05
4.166000e-05	4.166000e-05	4.166283e-05
4.167000e-05	4.167000e-05	4.170964e-05
4.168000e-05	4.168000e-05	4.175647e-05
4.169000e-05	4.169000e-05	4.172964e-05
4.170000e-05	4.170000e-05	4.170281e-05
4.171000e-05	4.171000e-05	4.174964e-05
4.172000e-05	4.172000e-05	4.179648e-05
4.173000e-05	4.173000e-05	4.176963e-05
4.174000e-05	4.174000e-05	4.174279e-05
4.175000e-05	4.175000e-05	4.178963e-05
4.176000e-05	4.176000e-05	4.183650e-05
4.177000e-05	4.177000e-05	4.180963e-05
4.178000e-05	4.178000e-05	4.178277e-05
4.179000e-05	4.179000e-05	4.182963e-05
4.180000e-05	4.180000e-05	4.187651e-05
4.181000e-05	4.181000e-05	4.184963e-05
4.182000e-05	4.182000e-05	4.182275e-05
4.183000e-05	4.183000e-05	4.186962e-05
4.184000e-05	4.184000e-05	4.191652e-05
4.185000e-05	4.185000e-05	4.188962e-05
4.186000e-05	4.186000e-05	4.186273e-05
4.187000e-05	4.187000e-05	4.190962e-05
4.188000e-05	4.188000e-05	4.195653e-05
4.189000e-05	4.189000e-05	4.192962e-05
4.190000e-05	4.190000e-05	4.190271e-05
4.191000e-05	4.191000e-05	4.194961e-05
4.192000e-05	4.192000e-05	4.199654e-05
4.193000e-05	4.193000e-05	4.196961e-05
4.194000e-05	4.194000e-05	4.194269e-05
4.195000e-05	4.195000e-05	4.198961e-05
4.196000e-05	4.196000e-05	4.203655e-05
4.197000e-05	4.197000e-05	4.200960e-05
4.198000e-05	4.198000e-05	4.198266e-05
4.199000e-05	4.199000e-05	4.202960e-05
4.200000e-05	4.200000e-05	4.207656e-05
4.201000e-05	4.201000e-05	4.204959e-05
4.202000e-05	4.202000e-05	4.202264e-05
4.203000e-05	4.203000e-05	4.206959e-05
4.204000e-05	4.204000e-05	4.211656e-05
4.205000e-05	4.205000e-05	4.208959e-05
4.206000e-05	4.206000e-05	4.206261e-05
4.207000e-05	4.207000e-05	4.210958e-05
4.208000e-05	4.208000e-05	4.215657e-05
4.209000e-05	4.209000e-05	4.212958e-05
4.210000e-05	4.210000e-05	4.210259e-05
4.211000e-05	4.211000e-05	4.214957e-05
4.212000e-05	4.212000e-05	4.219658e-05
4.213000e-05	4.213000e-05	4.216957e-05
4.214000e-05	4.214000e-05	4.214256e-05
4.215000e-05	4.215000e-05	4.218956e-05
4.216000e-05	4.216000e-05	4.223658e-05
4.217000e-05	4.217000e-05	4.220956e-05
4.218000e-05	4.218000e-05	4.218254e-05
4.219000e-05	4.219000e-05	4.222955e-05
4.220000e-05	4.220000e-05	4.227659e-05
4.221000e-05	4.221000e-05	4.224954e-05
4.222000e-05	4.222000e-05	4.222251e-05
4.223000e-05	4.223000e-05	4.226954e-05
4.224000e-05	4.224000e-05	4.231659e-05
4.225000e-05	4.225000e-05	4.228953e-05
4.226000e-05	4.226000e-05	4.226248e-05
4.227000e-05	4.227000e-05	4.230953e-05
4.228000e-05	4.228000e-05	4.235659e-05
4.229000e-05	4.229000e-05	4.232952e-05
4.230000e-05	4.230000e-05	4.230245e-05
4.231000e-05	4.231000e-05	4.234951e-05
4.232000e-05	4.232000e-05	4.239660e-05
4.233000e-05	4.233000e-05	4.236951e-05
4.234000e-05	4.234000e-05	4.234242e-05
4.235000e-05	4.235000e-05	4.238950e-05
4.236000e-05	4.236000e-05	4.243660e-05
4.237000e-05	4.237000e-05	4.240949e-05
4.238000e-05	4.238000e-05	4.238239e-05
4.239000e-05	4.239000e-05	4.242948e-05
4.240000e-05	4.240000e-05	4.247660e-05
4.241000e-05	4.241000e-05	4.244948e-05
4.242000e-05	4.242000e-05	4.242236e-05
4.243000e-05	4.243000e-05	4.246947e-05
4.244000e-05	4.244000e-05	4.251660e-05
4.245000e-05	4.245000e-05	4.248946e-05
4.246000e-05	4.246000e-05	4.246233e-05
4.247000e-05	4.247000e-05	4.250945e-05
4.248000e-05	4.248000e-05	4.255660e-05
4.249000e-05	4.249000e-05	4.252945e-05
4.250000e-05	4.250000e-05	4.250230e-05
4.251000e-05	4.251000e-05	4.254944e-05
4.252000e-05	4.252000e-05	4.259660e-05
4.253000e-05	4.253000e-05	4.256943e-05
4.254000e-05	4.254000e-05	4.254227e-05
4.255000e-05	4.255000e-05	4.258942e-05
4.256000e-05	4.256000e-05	4.263660e-05
4.257000e-05	4.257000e-05	4.260941e-05
4.258000e-05	4.258000e-05	4.258223e-05
4.259000e-05	4.259000e-05	4.262940e-05
4.260000e-05	4.260000e-05	4.267660e-05
4.261000e-05	4.261000e-05	4.264939e-05
4.262000e-05	4.262000e-05	4.262220e-05
4.263000e-05	4.263000e-05	4.266938e-05
4.264000e-05	4.264000e-05	4.271659e-05
4.265000e-05	4.265000e-05	4.268937e-05
4.266000e-05	4.266000e-05	4.266216e-05
4.267000e-05	4.267000e-05	4.270936e-05
4.268000e-05	4.268000e-05	4.275659e-05
4.269000e-05	4.269000e-05	4.272935e-05
4.270000e-05	4.270000e-05	4.270213e-05
4.271000e-05	4.271000e-05	4.274934e-05
4.272000e-05	4.272000e-05	4.279658e-05
4.273000e-05	4.273000e-05	4.276933e-05
4.274000e-05	4.274000e-05	4.274209e-05
4.275000e-05	4.275000e-05	4.278932e-05
4.276000e-05	4.276000e-05	4.283658e-05
4.277000e-05	4.277000e-05	4.280931e-05
4.278000e-05	4.278000e-05	4.278205e-05
4.279000e-05	4.279000e-05	4.282930e-05
4.280000e-05	4.280000e-05	4.287657e-05
4.281000e-05	4.281000e-05	4.284929e-05
4.282000e-05	4.282000e-05	4.282202e-05
4.283000e-05	4.283000e-05	4.286928e-05
4.284000e-05	4.284000e-05	4.291657e-05
4.285000e-05	4.285000e-05	4.288927e-05
4.286000e-05	4.286000e-05	4.286198e-05
4.287000e-05	4.287000e-05	4.290926e-05
4.288000e-05	4.288000e-05	4.295656e-05
4.289000e-05	4.289000e-05	4.292924e-05
4.290000e-05	4.290000e-05	4.290194e-05
4.291000e-05	4.291000e-05	4.294923e-05
4.292000e-05	4.292000e-05	4.299655e-05
4.293000e-05	4.293000e-05	4.296922e-05
4.294000e-05	4.294000e-05	4.294190e-05
4.295000e-05	4.295000e-05	4.298921e-05
4.296000e-05	4.296000e-05	4.303654e-05
4.297000e-05	4.297000e-05	4.300919e-05
4.298000e-05	4.298000e-05	4.298186e-05
4.299000e-05	4.299000e-05	4.302918e-05
4.300000e-05	4.300000e-05	4.307653e-05
4.301000e-05	4.301000e-05	4.304917e-05
4.302000e-05	4.302000e-05	4.302182e-05
4.303000e-05	4.303000e-05	4.306916e-05
4.304000e-05	4.304000e-05	4.311652e-05
4.305000e-05	4.305000e-05	4.308914e-05
4.306000e-05	4.306000e-05	4.306177e-05
4.307000e-05	4.307000e-05	4.310913e-05
4.308000e-05	4.308000e-05	4.315651e-05
4.309000e-05	4.309000e-05	4.312912e-05
4.310000e-05	4.310000e-05	4.310173e-05
4.311000e-05	4.311000e-05	4.314910e-05
4.312000e-05	4.312000e-05	4.319650e-05
4.313000e-05	4.313000e-05	4.316909e-05
4.314000e-05	4.314000e-05	4.314169e-05
4.315000e-05	4.315000e-05	4.318907e-05
4.316000e-05	4.316000e-05	4.323648e-05
4.317000e-05	4.317000e-05	4.320906e-05
4.318000e-05	4.318000e-05	4.318164e-05
4.319000e-05	4.319000e-05	4.322905e-05
4.320000e-05	4.320000e-05	4.327647e-05
4.321000e-05	4.321000e-05	4.324903e-05
4.322000e-05	4.322000e-05	4.322160e-05
4.323000e-05	4.323000e-05	4.326902e-05
4.324000e-05	4.324000e-05	4.331646e-05
4.325000e-05	4.325000e-05	4.328900e-05
4.326000e-05	4.326000e-05	4.326155e-05
4.327000e-05	4.327000e-05	4.330899e-05
4.328000e-05	4.328000e-05	4.335644e-05
4.329000e-05	4.329000e-05	4.332897e-05
4.330000e-05	4.330000e-05	4.330150e-05
4.331000e-05	4.331000e-05	4.334895e-05
4.332000e-05	4.332000e-05	4.339643e-05
4.333000e-05	4.333000e-05	4.336894e-05
4.334000e-05	4.334000e-05	4.334146e-05
4.335000e-05	4.335000e-05	4.338892e-05
4.336000e-05	4.336000e-05	4.343641e-05
4.337000e-05	4.337000e-05	4.340891e-05
4.338000e-05	4.338000e-05	4.338141e-05
4.339000e-05	4.339000e-05	4.342889e-05
4.340000e-05	4.340000e-05	4.347639e-05
4.341000e-05	4.341000e-05	4.344887e-05
4.342000e-05	4.342000e-05	4.342136e-05
4.343000e-05	4.343000e-05	4.346886e-05
4.344000e-05	4.344000e-05	4.351638e-05
4.345000e-05	4.345000e-05	4.348884e-05
4.346000e-05	4.346000e-05	4.346131e-05
4.347000e-05	4.347000e-05	4.350882e-05
4.348000e-05	4.348000e-05	4.355636e-05
4.349000e-05	4.349000e-05	4.352880e-05
4.350000e-05	4.350000e-05	4.350126e-05
4.351000e-05	4.351000e-05	4.354879e-05
4.352000e-05	4.352000e-05	4.359634e-05
4.353000e-05	4.353000e-05	4.356877e-05
4.354000e-05	4.354000e-05	4.354121e-05
4.355000e-05	4.355000e-05	4.358875e-05
4.356000e-05	4.356000e-05	4.363632e-05
4.357000e-05	4.357000e-05	4.360873e-05
4.358000e-05	4.358000e-05	4.358116e-05
4.359000e-05	4.359000e-05	4.362871e-05
4.360000e-05	4.360000e-05	4.367630e-05
4.361000e-05	4.361000e-05	4.364870e-05
4.362000e-05	4.362000e-05	4.362111e-05
4.363000e-05	4.363000e-05	4.366868e-05
4.364000e-05	4.364000e-05	4.371627e-05
4.365000e-05	4.365000e-05	4.368866e-05
4.366000e-05	4.366000e-05	4.366105e-05
4.367000e-05	4.367000e-05	4.370864e-05
4.368000e-05	4.368000e-05	4.375625e-05
4.369000e-05	4.369000e-05	4.372862e-05
4.370000e-05	4.370000e-05	4.370100e-05
4.371000e-05	4.371000e-05	4.374860e-05
4.372000e-05	4.372000e-05	4.379623e-05
4.373000e-05	4.373000e-05	4.376858e-05
4.374000e-05	4.374000e-05	4.374094e-05
4.375000e-05	4.375000e-05	4.378856e-05
4.376000e-05	4.376000e-05	4.383620e-05
4.377000e-05	4.377000e-05	4.380854e-05
4.378000e-05	4.378000e-05	4.378089e-05
4.379000e-05	4.379000e-05	4.382852e-05
4.380000e-05	4.380000e-05	4.387618e-05
4.381000e-05	4.381000e-05	4.384850e-05
4.382000e-05	4.382000e-05	4.382083e-05
4.383000e-05	4.383000e-05	4.386848e-05
4.384000e-05	4.384000e-05	4.391615e-05
4.385000e-05	4.385000e-05	4.388846e-05
4.386000e-05	4.386000e-05	4.386077e-05
4.387000e-05	4.387000e-05	4.390844e-05
4.388000e-05	4.388000e-05	4.395613e-05
4.389000e-05	4.389000e-05	4.392842e-05
4.390000e-05	4.390000e-05	4.390072e-05
4.391000e-05	4.391000e-05	4.394840e-05
4.392000e-05	4.392000e-05	4.399610e-05
4.393000e-05	4.393000e-05	4.396837e-05
4.394000e-05	4.394000e-05	4.394066e-05
4.395000e-05	4.395000e-05	4.398835e-05
4.396000e-05	4.396000e-05	4.403607e-05
4.397000e-05	4.397000e-05	4.400833e-05
4.398000e-05	4.398000e-05	4.398060e-05
4.399000e-05	4.399000e-05	4.402831e-05
4.400000e-05	4.400000e-05	4.407604e-05
4.401000e-05	4.401000e-05	4.404829e-05
4.402000e-05	4.402000e-05	4.402054e-05
4.403000e-05	4.403000e-05	4.406826e-05
4.404000e-05	4.404000e-05	4.411601e-05
4.405000e-05	4.405000e-05	4.408824e-05
4.406000e-05	4.406000e-05	4.406048e-05
4.407000e-05	4.407000e-05	4.410822e-05
4.408000e-05	4.408000e-05	4.415598e-05
4.409000e-05	4.409000e-05	4.412819e-05
4.410000e-05	4.410000e-05	4.410041e-05
4.411000e-05	4.411000e-05	4.414817e-05
4.412000e-05	4.412000e-05	4.419595e-05
4.413000e-05	4.413000e-05	4.416815e-05
4.414000e-05	4.414000e-05	4.414035e-05
4.415000e-05	4.415000e-05	4.418812e-05
4.416000e-05	4.416000e-05	4.423592e-05
4.417000e-05	4.417000e-05	4.420810e-05
4.418000e-05	4.418000e-05	4.418029e-05
4.419000e-05	4.419000e-05	4.422808e-05
4.420000e-05	4.420000e-05	4.427589e-05
4.421000e-05	4.421000e-05	4.424805e-05
4.422000e-05	4.422000e-05	4.422022e-05
4.423000e-05	4.423000e-05	4.426803e-05
4.424000e-05	4.424000e-05	4.431585e-05
4.425000e-05	4.425000e-05	4.428800e-05
4.426000e-05	4.426000e-05	4.426016e-05
4.427000e-05	4.427000e-05	4.430798e-05
4.428000e-05	4.428000e-05	4.435582e-05
4.429000e-05	4.429000e-05	4.432795e-05
4.430000e-05	4.430000e-05	4.430009e-05
4.431000e-05	4.431000e-05	4.434793e-05
4.432000e-05	4.432000e-05	4.439578e-05
4.433000e-05	4.433000e-05	4.436790e-05
4.434000e-05	4.434000e-05	4.434003e-05
4.435000e-05	4.435000e-05	4.438788e-05
4.436000e-05	4.436000e-05	4.443575e-05
4.437000e-05	4.437000e-05	4.440785e-05
4.438000e-05	4.438000e-05	4.437996e-05
4.439000e-05	4.439000e-05	4.442782e-05
4.440000e-05	4.440000e-05	4.447571e-05
4.441000e-05	4.441000e-05	4.444780e-05
4.442000e-05	4.442000e-05	4.441989e-05
4.443000e-05	4.443000e-05	4.446777e-05
4.444000e-05	4.444000e-05	4.451567e-05
4.445000e-05	4.445000e-05	4.448774e-05
4.446000e-05	4.446000e-05	4.445982e-05
4.447000e-05	4.447000e-05	4.450772e-05
4.448000e-05	4.448000e-05	4.455563e-05
4.449000e-05	4.449000e-05	4.452769e-05
4.450000e-05	4.450000e-05	4.449975e-05
4.451000e-05	4.451000e-05	4.454766e-05
4.452000e-05	4.452000e-05	4.459560e-05
4.453000e-05	4.453000e-05	4.456764e-05
4.454000e-05	4.454000e-05	4.453968e-05
4.455000e-05	4.455000e-05	4.458761e-05
4.456000e-05	4.456000e-05	4.463556e-05
4.457000e-05	4.457000e-05	4.460758e-05
4.458000e-05	4.458000e-05	4.457961e-05
4.459000e-05	4.459000e-05	4.462755e-05
4.460000e-05	4.460000e-05	4.467551e-05
4.461000e-05	4.461000e-05	4.464752e-05
4.462000e-05	4.462000e-05	4.461954e-05
4.463000e-05	4.463000e-05	4.466749e-05
4.464000e-05	4.464000e-05	4.471547e-05
4.465000e-05	4.465000e-05	4.468747e-05
4.466000e-05	4.466000e-05	4.465947e-05
4.467000e-05	4.467000e-05	4.470744e-05
4.468000e-05	4.468000e-05	4.475543e-05
4.469000e-05	4.469000e-05	4.472741e-05
4.470000e-05	4.470000e-05	4.469939e-05
4.471000e-05	4.471000e-05	4.474738e-05
4.472000e-05	4.472000e-05	4.479539e-05
4.473000e-05	4.473000e-05	4.476735e-05
4.474000e-05	4.474000e-05	4.473932e-05
4.475000e-05	4.475000e-05	4.478732e-05
4.476000e-05	4.476000e-05	4.483534e-05
4.477000e-05	4.477000e-05	4.480729e-05
4.478000e-05	4.478000e-05	4.477924e-05
4.479000e-05	4.479000e-05	4.482726e-05
4.480000e-05	4.480000e-05	4.487530e-05
4.481000e-05	4.481000e-05	4.484723e-05
4.482000e-05	4.482000e-05	4.481917e-05
4.483000e-05	4.483000e-05	4.486720e-05
4.484000e-05	4.484000e-05	4.491525e-05
4.485000e-05	4.485000e-05	4.488717e-05
4.486000e-05	4.486000e-05	4.485909e-05
4.487000e-05	4.487000e-05	4.490714e-05
4.488000e-05	4.488000e-05	4.495521e-05
4.489000e-05	4.489000e-05	4.492710e-05
4.490000e-05	4.490000e-05	4.489901e-05
4.491000e-05	4.491000e-05	4.494707e-05
4.492000e-05	4.492000e-05	4.499516e-05
4.493000e-05	4.493000e-05	4.496704e-05
4.494000e-05	4.494000e-05	4.493893e-05
4.495000e-05	4.495000e-05	4.498701e-05
4.496000e-05	4.496000e-05	4.503511e-05
4.497000e-05	4.497000e-05	4.500698e-05
4.498000e-05	4.498000e-05	4.497885e-05
4.499000e-05	4.499000e-05	4.502694e-05
4.500000e-05	4.500000e-05	4.507506e-05
4.501000e-05	4.501000e-05	4.504691e-05
4.502000e-05	4.502000e-05	4.501877e-05
4.503000e-05	4.503000e-05	4.506688e-05
4.504000e-05	4.504000e-05	4.511501e-05
4.505000e-05	4.505000e-05	4.508685e-05
4.506000e-05	4.506000e-05	4.505869e-05
4.507000e-05	4.507000e-05	4.510681e-05
4.508000e-05	4.508000e-05	4.515496e-05
4.509000e-05	4.509000e-05	4.512678e-05
4.510000e-05	4.510000e-05	4.509861e-05
4.511000e-05	4.511000e-05	4.514675e-05
4.512000e-05	4.512000e-05	4.519491e-05
4.513000e-05	4.513000e-05	4.516671e-05
4.514000e-05	4.514000e-05	4.513853e-05
4.515000e-05	4.515000e-05	4.518668e-05
4.516000e-05	4.516000e-05	4.523485e-05
4.517000e-05	4.517000e-05	4.520664e-05
4.518000e-05	4.518000e-05	4.517844e-05
4.519000e-05	4.519000e-05	4.522661e-05
4.520000e-05	4.520000e-05	4.527480e-05
4.521000e-05	4.521000e-05	4.524658e-05
4.522000e-05	4.522000e-05	4.521836e-05
4.523000e-05	4.523000e-05	4.526654e-05
4.524000e-05	4.524000e-05	4.531475e-05
4.525000e-05	4.525000e-05	4.528651e-05
4.526000e-05	4.526000e-05	4.525827e-05
4.527000e-05	4.527000e-05	4.530647e-05
4.528000e-05	4.528000e-05	4.535469e-05
4.529000e-05	4.529000e-05	4.532643e-05
4.530000e-05	4.530000e-05	4.529819e-05
4.531000e-05	4.531000e-05	4.534640e-05
4.532000e-05	4.532000e-05	4.539463e-05
4.533000e-05	4.533000e-05	4.536636e-05
4.534000e-05	4.534000e-05	4.533810e-05
4.535000e-05	4.535000e-05	4.538633e-05
4.536000e-05	4.536000e-05	4.543458e-05
4.537000e-05	4.537000e-05	4.540629e-05
4.538000e-05	4.538000e-05	4.537801e-05
4.539000e-05	4.539000e-05	4.542625e-05
4.540000e-05	4.540000e-05	4.547452e-05
4.541000e-05	4.541000e-05	4.544622e-05
4.542000e-05	4.542000e-05	4.541792e-05
4.543000e-05	4.543000e-05	4.546618e-05
4.544000e-05	4.544000e-05	4.551446e-05
4.545000e-05	4.545000e-05	4.548614e-05
4.546000e-05	4.546000e-05	4.545783e-05
4.547000e-05	4.547000e-05	4.550611e-05
4.548000e-05	4.548000e-05	4.555440e-05
4.549000e-05	4.549000e-05	4.552607e-05
4.550000e-05	4.550000e-05	4.549774e-05
4.551000e-05	4.551000e-05	4.554603e-05
4.552000e-05	4.552000e-05	4.559434e-05
4.553000e-05	4.553000e-05	4.556599e-05
4.554000e-05	4.554000e-05	4.553765e-05
4.555000e-05	4.555000e-05	4.558595e-05
4.556000e-05	4.556000e-05	4.563428e-05
4.557000e-05	4.557000e-05	4.560591e-05
4.558000e-05	4.558000e-05	4.557756e-05
4.559000e-05	4.559000e-05	4.562588e-05
4.560000e-05	4.560000e-05	4.567422e-05
4.561000e-05	4.561000e-05	4.564584e-05
4.562000e-05	4.562000e-05	4.561746e-05
4.563000e-05	4.563000e-05	4.566580e-05
4.564000e-05	4.564000e-05	4.571415e-05
4.565000e-05	4.565000e-05	4.568576e-05
4.566000e-05	4.566000e-05	4.565737e-05
4.567000e-05	4.567000e-05	4.570572e-05
4.568000e-05	4.568000e-05	4.575409e-05
4.569000e-05	4.569000e-05	4.572568e-05
4.570000e-05	4.570000e-05	4.569728e-05
4.571000e-05	4.571000e-05	4.574564e-05
4.572000e-05	4.572000e-05	4.579403e-05
4.573000e-05	4.573000e-05	4.576560e-05
4.574000e-05	4.574000e-05	4.573718e-05
4.575000e-05	4.575000e-05	4.578556e-05
4.576000e-05	4.576000e-05	4.583396e-05
4.577000e-05	4.577000e-05	4.580552e-05
4.578000e-05	4.578000e-05	4.577708e-05
4.579000e-05	4.579000e-05	4.582548e-05
4.580000e-05	4.580000e-05	4.587389e-05
4.581000e-05	4.581000e-05	4.584543e-05
4.582000e-05	4.582000e-05	4.581698e-05
4.583000e-05	4.583000e-05	4.586539e-05
4.584000e-05	4.584000e-05	4.591383e-05
4.585000e-05	4.585000e-05	4.588535e-05
4.586000e-05	4.586000e-05	4.585689e-05
4.587000e-05	4.587000e-05	4.590531e-05
4.588000e-05	4.588000e-05	4.595376e-05
4.589000e-05	4.589000e-05	4.592527e-05
4.590000e-05	4.590000e-05	4.589679e-05
4.591000e-05	4.591000e-05	4.594523e-05
4.592000e-05	4.592000e-05	4.599369e-05
4.593000e-05	4.593000e-05	4.596518e-05
4.594000e-05	4.594000e-05	4.593669e-05
4.595000e-05	4.595000e-05	4.598514e-05
4.596000e-05	4.596000e-05	4.603362e-05
4.597000e-05	4.597000e-05	4.600510e-05
4.598000e-05	4.598000e-05	4.597659e-05
4.599000e-05	4.599000e-05	4.602505e-05
4.600000e-05	4.600000e-05	4.607355e-05
4.601000e-05	4.601000e-05	4.604501e-05
4.602000e-05	4.602000e-05	4.601648e-05
4.603000e-05	4.603000e-05	4.606497e-05
4.604000e-05	4.604000e-05	4.611347e-05
4.605000e-05	4.605000e-05	4.608492e-05
4.606000e-05	4.606000e-05	4.605638e-05
4.607000e-05	4.607000e-05	4.610488e-05
4.608000e-05	4.608000e-05	4.615340e-05
4.609000e-05	4.609000e-05	4.612483e-05
4.610000e-05	4.610000e-05	4.609628e-05
4.611000e-05	4.611000e-05	4.614479e-05
4.612000e-05	4.612000e-05	4.619333e-05
4.613000e-05	4.613000e-05	4.616474e-05
4.614000e-05	4.614000e-05	4.613617e-05
4.615000e-05	4.615000e-05	4.618470e-05
4.616000e-05	4.616000e-05	4.623325e-05
4.617000e-05	4.617000e-05	4.620465e-05
4.618000e-05	4.618000e-05	4.617607e-05
4.619000e-05	4.619000e-05	4.622461e-05
4.620000e-05	4.620000e-05	4.627318e-05
4.621000e-05	4.621000e-05	4.624456e-05
4.622000e-05	4.622000e-05	4.621596e-05
4.623000e-05	4.623000e-05	4.626452e-05
4.624000e-05	4.624000e-05	4.631310e-05
4.625000e-05	4.625000e-05	4.628447e-05
4.626000e-05	4.626000e-05	4.625585e-05
4.627000e-05	4.627000e-05	4.630442e-05
4.628000e-05	4.628000e-05	4.635302e-05
4.629000e-05	4.629000e-05	4.632438e-05
4.630000e-05	4.630000e-05	4.629574e-05
4.631000e-05	4.631000e-05	4.634433e-05
4.632000e-05	4.632000e-05	4.639294e-05
4.633000e-05	4.633000e-05	4.636428e-05
4.634000e-05	4.634000e-05	4.633563e-05
4.635000e-05	4.635000e-05	4.638424e-05
4.636000e-05	4.636000e-05	4.643286e-05
4.637000e-05	4.637000e-05	4.640419e-05
4.638000e-05	4.638000e-05	4.637552e-05
4.639000e-05	4.639000e-05	4.642414e-05
4.640000e-05	4.640000e-05	4.647278e-05
4.641000e-05	4.641000e-05	4.644409e-05
4.642000e-05	4.642000e-05	4.641541e-05
4.643000e-05	4.643000e-05	4.646404e-05
4.644000e-05	4.644000e-05	4.651270e-05
4.645000e-05	4.645000e-05	4.648400e-05
4.646000e-05	4.646000e-05	4.645530e-05
4.647000e-05	4.647000e-05	4.650395e-05
4.648000e-05	4.648000e-05	4.655262e-05
4.649000e-05	4.649000e-05	4.652390e-05
4.650000e-05	4.650000e-05	4.649519e-05
4.651000e-05	4.651000e-05	4.654385e-05
4.652000e-05	4.652000e-05	4.659253e-05
4.653000e-05	4.653000e-05	4.656380e-05
4.654000e-05	4.654000e-05	4.653507e-05
4.655000e-05	4.655000e-05	4.658375e-05
4.656000e-05	4.656000e-05	4.663245e-05
4.657000e-05	4.657000e-05	4.660370e-05
4.658000e-05	4.658000e-05	4.657496e-05
4.659000e-05	4.659000e-05	4.662365e-05
4.660000e-05	4.660000e-05	4.667237e-05
4.661000e-05	4.661000e-05	4.664360e-05
4.662000e-05	4.662000e-05	4.661484e-05
4.663000e-05	4.663000e-05	4.666355e-05
4.664000e-05	4.664000e-05	4.671228e-05
4.665000e-05	4.665000e-05	4.668350e-05
4.666000e-05	4.666000e-05	4.665473e-05
4.667000e-05	4.667000e-05	4.670345e-05
4.668000e-05	4.668000e-05	4.675219e-05
4.669000e-05	4.669000e-05	4.672340e-05
4.670000e-05	4.670000e-05	4.669461e-05
4.671000e-05	4.671000e-05	4.674334e-05
4.672000e-05	4.672000e-05	4.679210e-05
4.673000e-05	4.673000e-05	4.676329e-05
4.674000e-05	4.674000e-05	4.673449e-05
4.675000e-05	4.675000e-05	4.678324e-05
4.676000e-05	4.676000e-05	4.683201e-05
4.677000e-05	4.677000e-05	4.680319e-05
4.678000e-05	4.678000e-05	4.677437e-05
4.679000e-05	4.679000e-05	4.682314e-05
4.680000e-05	4.680000e-05	4.687192e-05
4.681000e-05	4.681000e-05	4.684308e-05
4.682000e-05	4.682000e-05	4.681425e-05
4.683000e-05	4.683000e-05	4.686303e-05
4.684000e-05	4.684000e-05	4.691183e-05
4.685000e-05	4.685000e-05	4.688298e-05
4.686000e-05	4.686000e-05	4.685413e-05
4.687000e-05	4.687000e-05	4.690292e-05
4.688000e-05	4.688000e-05	4.695174e-05
4.689000e-05	4.689000e-05	4.692287e-05
4.690000e-05	4.690000e-05	4.689400e-05
4.691000e-05	4.691000e-05	4.694281e-05
4.692000e-05	4.692000e-05	4.699165e-05
4.693000e-05	4.693000e-05	4.696276e-05
4.694000e-05	4.694000e-05	4.693388e-05
4.695000e-05	4.695000e-05	4.698271e-05
4.696000e-05	4.696000e-05	4.703155e-05
4.697000e-05	4.697000e-05	4.700265e-05
4.698000e-05	4.698000e-05	4.697376e-05
4.699000e-05	4.699000e-05	4.702260e-05
4.700000e-05	4.700000e-05	4.707146e-05
4.701000e-05	4.701000e-05	4.704254e-05
4.702000e-05	4.702000e-05	4.701363e-05
4.703000e-05	4.703000e-05	4.706249e-05
4.704000e-05	4.704000e-05	4.711136e-05
4.705000e-05	4.705000e-05	4.708243e-05
4.706000e-05	4.706000e-05	4.705350e-05
4.707000e-05	4.707000e-05	4.710237e-05
4.708000e-05	4.708000e-05	4.715127e-05
4.709000e-05	4.709000e-05	4.712232e-05
4.710000e-05	4.710000e-05	4.709338e-05
4.711000e-05	4.711000e-05	4.714226e-05
4.712000e-05	4.712000e-05	4.719117e-05
4.713000e-05	4.713000e-05	4.716220e-05
4.714000e-05	4.714000e-05	4.713325e-05
4.715000e-05	4.715000e-05	4.718215e-05
4.716000e-05	4.716000e-05	4.723107e-05
4.717000e-05	4.717000e-05	4.720209e-05
4.718000e-05	4.718000e-05	4.717312e-05
4.719000e-05	4.719000e-05	4.722203e-05
4.720000e-05	4.720000e-05	4.727097e-05
4.721000e-05	4.721000e-05	4.724198e-05
4.722000e-05	4.722000e-05	4.721299e-05
4.723000e-05	4.723000e-05	4.726192e-05
4.724000e-05	4.724000e-05	4.731087e-05
4.725000e-05	4.725000e-05	4.728186e-05
4.726000e-05	4.726000e-05	4.725286e-05
4.727000e-05	4.727000e-05	4.730180e-05
4.728000e-05	4.728000e-05	4.735077e-05
4.729000e-05	4.729000e-05	4.732174e-05
4.730000e-05	4.730000e-05	4.729272e-05
4.731000e-05	4.731000e-05	4.734168e-05
4.732000e-05	4.732000e-05	4.739066e-05
4.733000e-05	4.733000e-05	4.736162e-05
4.734000e-05	4.734000e-05	4.733259e-05
4.735000e-05	4.735000e-05	4.738156e-05
4.736000e-05	4.736000e-05	4.743056e-05
4.737000e-05	4.737000e-05	4.740150e-05
4.738000e-05	4.738000e-05	4.737246e-05
4.739000e-05	4.739000e-05	4.742144e-05
4.740000e-05	4.740000e-05	4.747046e-05
4.741000e-05	4.741000e-05	4.744138e-05
4.742000e-05	4.742000e-05	4.741232e-05
4.743000e-05	4.743000e-05	4.746132e-05
4.744000e-05	4.744000e-05	4.751035e-05
4.745000e-05	4.745000e-05	4.748126e-05
4.746000e-05	4.746000e-05	4.745218e-05
4.747000e-05	4.747000e-05	4.750120e-05
4.748000e-05	4.748000e-05	4.755024e-05
4.749000e-05	4.749000e-05	4.752114e-05
4.750000e-05	4.750000e-05	4.749205e-05
4.751000e-05	4.751000e-05	4.754108e-05
4.752000e-05	4.752000e-05	4.759013e-05
4.753000e-05	4.753000e-05	4.756102e-05
4.754000e-05	4.754000e-05	4.753191e-05
4.755000e-05	4.755000e-05	4.758096e-05
4.756000e-05	4.756000e-05	4.763003e-05
4.757000e-05	4.757000e-05	4.760089e-05
4.758000e-05	4.758000e-05	4.757177e-05
4.759000e-05	4.759000e-05	4.762083e-05
4.760000e-05	4.760000e-05	4.766992e-05
4.761000e-05	4.761000e-05	4.764077e-05
4.762000e-05	4.762000e-05	4.761163e-05
4.763000e-05	4.763000e-05	4.766071e-05
4.764000e-05	4.764000e-05	4.770980e-05
4.765000e-05	4.765000e-05	4.768064e-05
4.766000e-05	4.766000e-05	4.765149e-05
4.767000e-05	4.767000e-05	4.770058e-05
4.768000e-05	4.768000e-05	4.774969e-05
4.769000e-05	4.769000e-05	4.772051e-05
4.770000e-05	4.770000e-05	4.769135e-05
4.771000e-05	4.771000e-05	4.774045e-05
4.772000e-05	4.772000e-05	4.778958e-05
4.773000e-05	4.773000e-05	4.776039e-05
4.774000e-05	4.774000e-05	4.773120e-05
4.775000e-05	4.775000e-05	4.778032e-05
4.776000e-05	4.776000e-05	4.782947e-05
4.777000e-05	4.777000e-05	4.780026e-05
4.778000e-05	4.778000e-05	4.777106e-05
4.779000e-05	4.779000e-05	4.782019e-05
4.780000e-05	4.780000e-05	4.786935e-05
4.781000e-05	4.781000e-05	4.784013e-05
4.782000e-05	4.782000e-05	4.781091e-05
4.783000e-05	4.783000e-05	4.786006e-05
4.784000e-05	4.784000e-05	4.790923e-05
4.785000e-05	4.785000e-05	4.788000e-05
4.786000e-05	4.786000e-05	4.785076e-05
4.787000e-05	4.787000e-05	4.789993e-05
4.788000e-05	4.788000e-05	4.794912e-05
4.789000e-05	4.789000e-05	4.791986e-05
4.790000e-05	4.790000e-05	4.789062e-05
4.791000e-05	4.791000e-05	4.793980e-05
4.792000e-05	4.792000e-05	4.798900e-05
4.793000e-05	4.793000e-05	4.795973e-05
4.794000e-05	4.794000e-05	4.793047e-05
4.795000e-05	4.795000e-05	4.797966e-05
4.796000e-05	4.796000e-05	4.802888e-05
4.797000e-05	4.797000e-05	4.799959e-05
4.798000e-05	4.798000e-05	4.797032e-05
4.799000e-05	4.799000e-05	4.801953e-05
4.800000e-05	4.800000e-05	4.806876e-05
4.801000e-05	4.801000e-05	4.803946e-05
4.802000e-05	4.802000e-05	4.801017e-05
4.803000e-05	4.803000e-05	4.805939e-05
4.804000e-05	4.804000e-05	4.810864e-05
4.805000e-05	4.805000e-05	4.807932e-05
4.806000e-05	4.806000e-05	4.805002e-05
4.807000e-05	4.807000e-05	4.809925e-05
4.808000e-05	4.808000e-05	4.814851e-05
4.809000e-05	4.809000e-05	4.811918e-05
4.810000e-05	4.810000e-05	4.808986e-05
4.811000e-05	4.811000e-05	4.813911e-05
4.812000e-05	4.812000e-05	4.818839e-05
4.813000e-05	4.813000e-05	4.815905e-05
4.814000e-05	4.814000e-05	4.812971e-05
4.815000e-05	4.815000e-05	4.817898e-05
4.816000e-05	4.816000e-05	4.822826e-05
4.817000e-05	4.817000e-05	4.819891e-05
4.818000e-05	4.818000e-05	4.816955e-05
4.819000e-05	4.819000e-05	4.821883e-05
4.820000e-05	4.820000e-05	4.826814e-05
4.821000e-05	4.821000e-05	4.823876e-05
4.822000e-05	4.822000e-05	4.820940e-05
4.823000e-05	4.823000e-05	4.825869e-05
4.824000e-05	4.824000e-05	4.830801e-05
4.825000e-05	4.825000e-05	4.827862e-05
4.826000e-05	4.826000e-05	4.824924e-05
4.827000e-05	4.827000e-05	4.829855e-05
4.828000e-05	4.828000e-05	4.834788e-05
4.829000e-05	4.829000e-05	4.831848e-05
4.830000e-05	4.830000e-05	4.828908e-05
4.831000e-05	4.831000e-05	4.833841e-05
4.832000e-05	4.832000e-05	4.838775e-05
4.833000e-05	4.833000e-05	4.835833e-05
4.834000e-05	4.834000e-05	4.832892e-05
4.835000e-05	4.835000e-05	4.837826e-05
4.836000e-05	4.836000e-05	4.842762e-05
4.837000e-05	4.837000e-05	4.839819e-05
4.838000e-05	4.838000e-05	4.836876e-05
4.839000e-05	4.839000e-05	4.841812e-05
4.840000e-05	4.840000e-05	4.846749e-05
4.841000e-05	4.841000e-05	4.843804e-05
4.842000e-05	4.842000e-05	4.840860e-05
4.843000e-05	4.843000e-05	4.845797e-05
4.844000e-05	4.844000e-05	4.850736e-05
4.845000e-05	4.845000e-05	4.847789e-05
4.846000e-05	4.846000e-05	4.844844e-05
4.847000e-05	4.847000e-05	4.849782e-05
4.848000e-05	4.848000e-05	4.854723e-05
4.849000e-05	4.849000e-05	4.851775e-05
4.850000e-05	4.850000e-05	4.848827e-05
4.851000e-05	4.851000e-05	4.853767e-05
4.852000e-05	4.852000e-05	4.858709e-05
4.853000e-05	4.853000e-05	4.855760e-05
4.854000e-05	4.854000e-05	4.852811e-05
4.855000e-05	4.855000e-05	4.857752e-05
4.856000e-05	4.856000e-05	4.862696e-05
4.857000e-05	4.857000e-05	4.859745e-05
4.858000e-05	4.858000e-05	4.856794e-05
4.859000e-05	4.859000e-05	4.861737e-05
4.860000e-05	4.860000e-05	4.866682e-05
4.861000e-05	4.861000e-05	4.863729e-05
4.862000e-05	4.862000e-05	4.860778e-05
4.863000e-05	4.863000e-05	4.865722e-05
4.864000e-05	4.864000e-05	4.870668e-05
4.865000e-05	4.865000e-05	4.867714e-05
4.866000e-05	4.866000e-05	4.864761e-05
4.867000e-05	4.867000e-05	4.869706e-05
4.868000e-05	4.868000e-05	4.874654e-05
4.869000e-05	4.869000e-05	4.871699e-05
4.870000e-05	4.870000e-05	4.868744e-05
4.871000e-05	4.871000e-05	4.873691e-05
4.872000e-05	4.872000e-05	4.878640e-05
4.873000e-05	4.873000e-05	4.875683e-05
4.874000e-05	4.874000e-05	4.872727e-05
4.875000e-05	4.875000e-05	4.877675e-05
4.876000e-05	4.876000e-05	4.882626e-05
4.877000e-05	4.877000e-05	4.879667e-05
4.878000e-05	4.878000e-05	4.876710e-05
4.879000e-05	4.879000e-05	4.881660e-05
4.880000e-05	4.880000e-05	4.886612e-05
4.881000e-05	4.881000e-05	4.883652e-05
4.882000e-05	4.882000e-05	4.880692e-05
4.883000e-05	4.883000e-05	4.885644e-05
4.884000e-05	4.884000e-05	4.890597e-05
4.885000e-05	4.885000e-05	4.887636e-05
4.886000e-05	4.886000e-05	4.884675e-05
4.887000e-05	4.887000e-05	4.889628e-05
4.888000e-05	4.888000e-05	4.894583e-05
4.889000e-05	4.889000e-05	4.891620e-05
4.890000e-05	4.890000e-05	4.888658e-05
4.891000e-05	4.891000e-05	4.893612e-05
4.892000e-05	4.892000e-05	4.898568e-05
4.893000e-05	4.893000e-05	4.895604e-05
4.894000e-05	4.894000e-05	4.892640e-05
4.895000e-05	4.895000e-05	4.897596e-05
4.896000e-05	4.896000e-05	4.902554e-05
4.897000e-05	4.897000e-05	4.899587e-05
4.898000e-05	4.898000e-05	4.896622e-05
4.899000e-05	4.899000e-05	4.901579e-05
4.900000e-05	4.900000e-05	4.906539e-05
4.901000e-05	4.901000e-05	4.903571e-05
4.902000e-05	4.902000e-05	4.900604e-05
4.903000e-05	4.903000e-05	4.905563e-05
4.904000e-05	4.904000e-05	4.910524e-05
4.905000e-05	4.905000e-05	4.907555e-05
4.906000e-05	4.906000e-05	4.904586e-05
4.907000e-05	4.907000e-05	4.909546e-05
4.908000e-05	4.908000e-05	4.914509e-05
4.909000e-05	4.909000e-05	4.911538e-05
4.910000e-05	4.910000e-05	4.908568e-05
4.911000e-05	4.911000e-05	4.913530e-05
4.912000e-05	4.912000e-05	4.918494e-05
4.913000e-05	4.913000e-05	4.915521e-05
4.914000e-05	4.914000e-05	4.912550e-05
4.915000e-05	4.915000e-05	4.917513e-05
4.916000e-05	4.916000e-05	4.922478e-05
4.917000e-05	4.917000e-05	4.919505e-05
4.918000e-05	4.918000e-05	4.916532e-05
4.919000e-05	4.919000e-05	4.921496e-05
4.920000e-05	4.920000e-05	4.926463e-05
4.921000e-05	4.921000e-05	4.923488e-05
4.922000e-05	4.922000e-05	4.920513e-05
4.923000e-05	4.923000e-05	4.925479e-05
4.924000e-05	4.924000e-05	4.930447e-05
4.925000e-05	4.925000e-05	4.927471e-05
4.926000e-05	4.926000e-05	4.924495e-05
4.927000e-05	4.927000e-05	4.929462e-05
4.928000e-05	4.928000e-05	4.934432e-05
4.929000e-05	4.929000e-05	4.931454e-05
4.930000e-05	4.930000e-05	4.928476e-05
4.931000e-05	4.931000e-05	4.933445e-05
4.932000e-05	4.932000e-05	4.938416e-05
4.933000e-05	4.933000e-05	4.935436e-05
4.934000e-05	4.934000e-05	4.932457e-05
4.935000e-05	4.935000e-05	4.937428e-05
4.936000e-05	4.936000e-05	4.942400e-05
4.937000e-05	4.937000e-05	4.939419e-05
4.938000e-05	4.938000e-05	4.936439e-05
4.939000e-05	4.939000e-05	4.941410e-05
4.940000e-05	4.940000e-05	4.946384e-05
4.941000e-05	4.941000e-05	4.943401e-05
4.942000e-05	4.942000e-05	4.940420e-05
4.943000e-05	4.943000e-05	4.945393e-05
4.944000e-05	4.944000e-05	4.950368e-05
4.945000e-05	4.945000e-05	4.947384e-05
4.946000e-05	4.946000e-05	4.944400e-05
4.947000e-05	4.947000e-05	4.949375e-05
4.948000e-05	4.948000e-05	4.954352e-05
4.949000e-05	4.949000e-05	4.951366e-05
4.950000e-05	4.950000e-05	4.948381e-05
4.951000e-05	4.951000e-05	4.953357e-05
4.952000e-05	4.952000e-05	4.958335e-05
4.953000e-05	4.953000e-05	4.955348e-05
4.954000e-05	4.954000e-05	4.952362e-05
4.955000e-05	4.955000e-05	4.957339e-05
4.956000e-05	4.956000e-05	4.962319e-05
4.957000e-05	4.957000e-05	4.959330e-05
4.958000e-05	4.958000e-05	4.956342e-05
4.959000e-05	4.959000e-05	4.961321e-05
4.960000e-05	4.960000e-05	4.966302e-05
4.961000e-05	4.961000e-05	4.963312e-05
4.962000e-05	4.962000e-05	4.960323e-05
4.963000e-05	4.963000e-05	4.965303e-05
4.964000e-05	4.964000e-05	4.970285e-05
4.965000e-05	4.965000e-05	4.967294e-05
4.966000e-05	4.966000e-05	4.964303e-05
4.967000e-05	4.967000e-05	4.969285e-05
4.968000e-05	4.968000e-05	4.974268e-05
4.969000e-05	4.969000e-05	4.971275e-05
4.970000e-05	4.970000e-05	4.968283e-05
4.971000e-05	4.971000e-05	4.973266e-05
4.972000e-05	4.972000e-05	4.978252e-05
4.973000e-05	4.973000e-05	4.975257e-05
4.974000e-05	4.974000e-05	4.972263e-05
4.975000e-05	4.975000e-05	4.977248e-05
4.976000e-05	4.976000e-05	4.982234e-05
4.977000e-05	4.977000e-05	4.979238e-05
4.978000e-05	4.978000e-05	4.976243e-05
4.979000e-05	4.979000e-05	4.981229e-05
4.980000e-05	4.980000e-05	4.986217e-05
4.981000e-05	4.981000e-05	4.983220e-05
4.982000e-05	4.982000e-05	4.980223e-05
4.983000e-05	4.983000e-05	4.985210e-05
4.984000e-05	4.984000e-05	4.990200e-05
4.985000e-05	4.985000e-05	4.987201e-05
4.986000e-05	4.986000e-05	4.984202e-05
4.987000e-05	4.987000e-05	4.989191e-05
4.988000e-05	4.988000e-05	4.994182e-05
4.989000e-05	4.989000e-05	4.991182e-05
4.990000e-05	4.990000e-05	4.988182e-05
4.991000e-05	4.991000e-05	4.993172e-05
4.992000e-05	4.992000e-05	4.998165e-05
4.993000e-05	4.993000e-05	4.995163e-05
4.994000e-05	4.994000e-05	4.992161e-05
4.995000e-05	4.995000e-05	4.997153e-05
4.996000e-05	4.996000e-05	5.002147e-05
4.997000e-05	4.997000e-05	4.999143e-05
4.998000e-05	4.998000e-05	4.996141e-05
4.999000e-05	4.999000e-05	5.001134e-05
5.000000e-05	5.000000e-05	5.006129e-05
5.001000e-05	5.001000e-05	5.003124e-05
5.002000e-05	5.002000e-05	5.000120e-05
5.003000e-05	5.003000e-05	5.005114e-05
5.004000e-05	5.004000e-05	5.010111e-05
5.005000e-05	5.005000e-05	5.007105e-05
5.006000e-05	5.006000e-05	5.004099e-05
5.007000e-05	5.007000e-05	5.009095e-05
5.008000e-05	5.008000e-05	5.014093e-05
5.009000e-05	5.009000e-05	5.011085e-05
5.010000e-05	5.010000e-05	5.008078e-05
5.011000e-05	5.011000e-05	5.013075e-05
5.012000e-05	5.012000e-05	5.018075e-05
5.013000e-05	5.013000e-05	5.015065e-05
5.014000e-05	5.014000e-05	5.012057e-05
5.015000e-05	5.015000e-05	5.017055e-05
5.016000e-05	5.016000e-05	5.022056e-05
5.017000e-05	5.017000e-05	5.019045e-05
5.018000e-05	5.018000e-05	5.016035e-05
5.019000e-05	5.019000e-05	5.021035e-05
5.020000e-05	5.020000e-05	5.026038e-05
5.021000e-05	5.021000e-05	5.023025e-05
5.022000e-05	5.022000e-05	5.020014e-05
5.023000e-05	5.023000e-05	5.025015e-05
5.024000e-05	5.024000e-05	5.030019e-05
5.025000e-05	5.025000e-05	5.027005e-05
5.026000e-05	5.026000e-05	5.023992e-05
5.027000e-05	5.027000e-05	5.028995e-05
5.028000e-05	5.028000e-05	5.034000e-05
5.029000e-05	5.029000e-05	5.030985e-05
5.030000e-05	5.030000e-05	5.027970e-05
5.031000e-05	5.031000e-05	5.032975e-05
5.032000e-05	5.032000e-05	5.037982e-05
5.033000e-05	5.033000e-05	5.034965e-05
5.034000e-05	5.034000e-05	5.031948e-05
5.035000e-05	5.035000e-05	5.036954e-05
5.036000e-05	5.036000e-05	5.041963e-05
5.037000e-05	5.037000e-05	5.038944e-05
5.038000e-05	5.038000e-05	5.035926e-05
5.039000e-05	5.039000e-05	5.040934e-05
5.040000e-05	5.040000e-05	5.045943e-05
5.041000e-05	5.041000e-05	5.042923e-05
5.042000e-05	5.042000e-05	5.039904e-05
5.043000e-05	5.043000e-05	5.044913e-05
5.044000e-05	5.044000e-05	5.049924e-05
5.045000e-05	5.045000e-05	5.046903e-05
5.046000e-05	5.046000e-05	5.043882e-05
5.047000e-05	5.047000e-05	5.048892e-05
5.048000e-05	5.048000e-05	5.053905e-05
5.049000e-05	5.049000e-05	5.050882e-05
5.050000e-05	5.050000e-05	5.047860e-05
5.051000e-05	5.051000e-05	5.052871e-05
5.052000e-05	5.052000e-05	5.057885e-05
5.053000e-05	5.053000e-05	5.054861e-05
5.054000e-05	5.054000e-05	5.051837e-05
5.055000e-05	5.055000e-05	5.056850e-05
5.056000e-05	5.056000e-05	5.061865e-05
5.057000e-05	5.057000e-05	5.058840e-05
5.058000e-05	5.058000e-05	5.055815e-05
5.059000e-05	5.059000e-05	5.060829e-05
5.060000e-05	5.060000e-05	5.065846e-05
5.061000e-05	5.061000e-05	5.062818e-05
5.062000e-05	5.062000e-05	5.059792e-05
5.063000e-05	5.063000e-05	5.064808e-05
5.064000e-05	5.064000e-05	5.069826e-05
5.065000e-05	5.065000e-05	5.066797e-05
5.066000e-05	5.066000e-05	5.063769e-05
5.067000e-05	5.067000e-05	5.068786e-05
5.068000e-05	5.068000e-05	5.073806e-05
5.069000e-05	5.069000e-05	5.070775e-05
5.070000e-05	5.070000e-05	5.067746e-05
5.071000e-05	5.071000e-05	5.072764e-05
5.072000e-05	5.072000e-05	5.077785e-05
5.073000e-05	5.073000e-05	5.074754e-05
5.074000e-05	5.074000e-05	5.071723e-05
5.075000e-05	5.075000e-05	5.076743e-05
5.076000e-05	5.076000e-05	5.081765e-05
5.077000e-05	5.077000e-05	5.078732e-05
5.078000e-05	5.078000e-05	5.075699e-05
5.079000e-05	5.079000e-05	5.080721e-05
5.080000e-05	5.080000e-05	5.085745e-05
5.081000e-05	5.081000e-05	5.082710e-05
5.082000e-05	5.082000e-05	5.079676e-05
5.083000e-05	5.083000e-05	5.084699e-05
5.084000e-05	5.084000e-05	5.089724e-05
5.085000e-05	5.085000e-05	5.086688e-05
5.086000e-05	5.086000e-05	5.083652e-05
5.087000e-05	5.087000e-05	5.088677e-05
5.088000e-05	5.088000e-05	5.093703e-05
5.089000e-05	5.089000e-05	5.090665e-05
5.090000e-05	5.090000e-05	5.087629e-05
5.091000e-05	5.091000e-05	5.092654e-05
5.092000e-05	5.092000e-05	5.097682e-05
5.093000e-05	5.093000e-05	5.094643e-05
5.094000e-05	5.094000e-05	5.091605e-05
5.095000e-05	5.095000e-05	5.096632e-05
5.096000e-05	5.096000e-05	5.101661e-05
5.097000e-05	5.097000e-05	5.098621e-05
5.098000e-05	5.098000e-05	5.095581e-05
5.099000e-05	5.099000e-05	5.100609e-05
5.100000e-05	5.100000e-05	5.105640e-05
5.101000e-05	5.101000e-05	5.102598e-05
5.102000e-05	5.102000e-05	5.099557e-05
5.103000e-05	5.103000e-05	5.104586e-05
5.104000e-05	5.104000e-05	5.109619e-05
5.105000e-05	5.105000e-05	5.106575e-05
5.106000e-05	5.106000e-05	5.103532e-05
5.107000e-05	5.107000e-05	5.108564e-05
5.108000e-05	5.108000e-05	5.113597e-05
5.109000e-05	5.109000e-05	5.110552e-05
5.110000e-05	5.110000e-05	5.107508e-05
5.111000e-05	5.111000e-05	5.112541e-05
5.112000e-05	5.112000e-05	5.117576e-05
5.113000e-05	5.113000e-05	5.114529e-05
5.114000e-05	5.114000e-05	5.111483e-05
5.115000e-05	5.115000e-05	5.116517e-05
5.116000e-05	5.116000e-05	5.121554e-05
5.117000e-05	5.117000e-05	5.118506e-05
5.118000e-05	5.118000e-05	5.115459e-05
5.119000e-05	5.119000e-05	5.120494e-05
5.120000e-05	5.120000e-05	5.125532e-05
5.121000e-05	5.121000e-05	5.122482e-05
5.122000e-05	5.122000e-05	5.119434e-05
5.123000e-05	5.123000e-05	5.124471e-05
5.124000e-05	5.124000e-05	5.129510e-05
5.125000e-05	5.125000e-05	5.126459e-05
5.126000e-05	5.126000e-05	5.123409e-05
5.127000e-05	5.127000e-05	5.128447e-05
5.128000e-05	5.128000e-05	5.133488e-05
5.129000e-05	5.129000e-05	5.130435e-05
5.130000e-05	5.130000e-05	5.127384e-05
5.131000e-05	5.131000e-05	5.132423e-05
5.132000e-05	5.132000e-05	5.137466e-05
5.133000e-05	5.133000e-05	5.134412e-05
5.134000e-05	5.134000e-05	5.131358e-05
5.135000e-05	5.135000e-05	5.136400e-05
5.136000e-05	5.136000e-05	5.141443e-05
5.137000e-05	5.137000e-05	5.138388e-05
5.138000e-05	5.138000e-05	5.135333e-05
5.139000e-05	5.139000e-05	5.140376e-05
5.140000e-05	5.140000e-05	5.145421e-05
5.141000e-05	5.141000e-05	5.142364e-05
5.142000e-05	5.142000e-05	5.139307e-05
5.143000e-05	5.143000e-05	5.144351e-05
5.144000e-05	5.144000e-05	5.149398e-05
5.145000e-05	5.145000e-05	5.146339e-05
5.146000e-05	5.146000e-05	5.143282e-05
5.147000e-05	5.147000e-05	5.148327e-05
5.148000e-05	5.148000e-05	5.153375e-05
5.149000e-05	5.149000e-05	5.150315e-05
5.150000e-05	5.150000e-05	5.147256e-05
5.151000e-05	5.151000e-05	5.152303e-05
5.152000e-05	5.152000e-05	5.157352e-05
5.153000e-05	5.153000e-05	5.154290e-05
5.154000e-05	5.154000e-05	5.151230e-05
5.155000e-05	5.155000e-05	5.156278e-05
5.156000e-05	5.156000e-05	5.161329e-05
5.157000e-05	5.157000e-05	5.158266e-05
5.158000e-05	5.158000e-05	5.155204e-05
5.159000e-05	5.159000e-05	5.160253e-05
5.160000e-05	5.160000e-05	5.165305e-05
5.161000e-05	5.161000e-05	5.162241e-05
5.162000e-05	5.162000e-05	5.159177e-05
5.163000e-05	5.163000e-05	5.164229e-05
5.164000e-05	5.164000e-05	5.169282e-05
5.165000e-05	5.165000e-05	5.166216e-05
5.166000e-05	5.166000e-05	5.163151e-05
5.167000e-05	5.167000e-05	5.168204e-05
5.168000e-05	5.168000e-05	5.173258e-05
5.169000e-05	5.169000e-05	5.170191e-05
5.170000e-05	5.170000e-05	5.167124e-05
5.171000e-05	5.171000e-05	5.172178e-05
5.172000e-05	5.172000e-05	5.177235e-05
5.173000e-05	5.173000e-05	5.174166e-05
5.174000e-05	5.174000e-05	5.171098e-05
5.175000e-05	5.175000e-05	5.176153e-05
5.176000e-05	5.176000e-05	5.181211e-05
5.177000e-05	5.177000e-05	5.178140e-05
5.178000e-05	5.178000e-05	5.175071e-05
5.179000e-05	5.179000e-05	5.180128e-05
5.180000e-05	5.180000e-05	5.185187e-05
5.181000e-05	5.181000e-05	5.182115e-05
5.182000e-05	5.182000e-05	5.179044e-05
5.183000e-05	5.183000e-05	5.184102e-05
5.184000e-05	5.184000e-05	5.189162e-05
5.185000e-05	5.185000e-05	5.186089e-05
5.186000e-05	5.186000e-05	5.183017e-05
5.187000e-05	5.187000e-05	5.188076e-05
5.188000e-05	5.188000e-05	5.193138e-05
5.189000e-05	5.189000e-05	5.190063e-05
5.190000e-05	5.190000e-05	5.186989e-05
5.191000e-05	5.191000e-05	5.192050e-05
5.192000e-05	5.192000e-05	5.197113e-05
5.193000e-05	5.193000e-05	5.194037e-05
5.194000e-05	5.194000e-05	5.190962e-05
5.195000e-05	5.195000e-05	5.196024e-05
5.196000e-05	5.196000e-05	5.201089e-05
5.197000e-05	5.197000e-05	5.198011e-05
5.198000e-05	5.198000e-05	5.194934e-05
5.199000e-05	5.199000e-05	5.199998e-05
