sweep (current)	sweep (current)	id(m1a) (current)
0.000000e+00	0.000000e+00	-2.030639e-44
1.000000e-02	1.000000e-02	2.002329e-06
2.000000e-02	2.000000e-02	3.946520e-06
3.000000e-02	3.000000e-02	5.832871e-06
4.000000e-02	4.000000e-02	7.661614e-06
5.000000e-02	5.000000e-02	9.433053e-06
6.000000e-02	6.000000e-02	1.114749e-05
7.000000e-02	7.000000e-02	1.280526e-05
8.000000e-02	8.000000e-02	1.440670e-05
9.000000e-02	9.000000e-02	1.595216e-05
1.000000e-01	1.000000e-01	1.744203e-05
1.100000e-01	1.100000e-01	1.887671e-05
1.200000e-01	1.200000e-01	2.025663e-05
1.300000e-01	1.300000e-01	2.158222e-05
1.400000e-01	1.400000e-01	2.285396e-05
1.500000e-01	1.500000e-01	2.407235e-05
1.600000e-01	1.600000e-01	2.523789e-05
1.700000e-01	1.700000e-01	2.635113e-05
1.800000e-01	1.800000e-01	2.741264e-05
1.900000e-01	1.900000e-01	2.842300e-05
2.000000e-01	2.000000e-01	2.938283e-05
2.100000e-01	2.100000e-01	3.029278e-05
2.200000e-01	2.200000e-01	3.115350e-05
2.300000e-01	2.300000e-01	3.196570e-05
2.400000e-01	2.400000e-01	3.273010e-05
2.500000e-01	2.500000e-01	3.344743e-05
2.600000e-01	2.600000e-01	3.411847e-05
2.700000e-01	2.700000e-01	3.474404e-05
2.800000e-01	2.800000e-01	3.532496e-05
2.900000e-01	2.900000e-01	3.586214e-05
3.000000e-01	3.000000e-01	3.635650e-05
3.100000e-01	3.100000e-01	3.680904e-05
3.200000e-01	3.200000e-01	3.722086e-05
3.300000e-01	3.300000e-01	3.759315e-05
3.400000e-01	3.400000e-01	3.792722e-05
3.500000e-01	3.500000e-01	3.822458e-05
3.600000e-01	3.600000e-01	3.848693e-05
3.700000e-01	3.700000e-01	3.871619e-05
3.800000e-01	3.800000e-01	3.891454e-05
3.900000e-01	3.900000e-01	3.908442e-05
4.000000e-01	4.000000e-01	3.919688e-05
4.100000e-01	4.100000e-01	3.934960e-05
4.200000e-01	4.200000e-01	3.945694e-05
4.300000e-01	4.300000e-01	3.952515e-05
4.400000e-01	4.400000e-01	3.960311e-05
4.500000e-01	4.500000e-01	3.965336e-05
4.600000e-01	4.600000e-01	3.968079e-05
4.700000e-01	4.700000e-01	3.974558e-05
4.800000e-01	4.800000e-01	3.979526e-05
4.900000e-01	4.900000e-01	3.983273e-05
5.000000e-01	5.000000e-01	3.986035e-05
5.100000e-01	5.100000e-01	3.984610e-05
5.200000e-01	5.200000e-01	3.986237e-05
5.300000e-01	5.300000e-01	3.987338e-05
5.400000e-01	5.400000e-01	3.988010e-05
5.500000e-01	5.500000e-01	3.988329e-05
5.600000e-01	5.600000e-01	3.988356e-05
5.700000e-01	5.700000e-01	3.991672e-05
5.800000e-01	5.800000e-01	3.994786e-05
5.900000e-01	5.900000e-01	3.993082e-05
6.000000e-01	6.000000e-01	3.991234e-05
6.100000e-01	6.100000e-01	3.994241e-05
6.200000e-01	6.200000e-01	3.997144e-05
6.300000e-01	6.300000e-01	3.995216e-05
6.400000e-01	6.400000e-01	3.993211e-05
6.500000e-01	6.500000e-01	3.996057e-05
6.600000e-01	6.600000e-01	3.998846e-05
6.700000e-01	6.700000e-01	3.996795e-05
6.800000e-01	6.800000e-01	3.994699e-05
6.900000e-01	6.900000e-01	3.997455e-05
7.000000e-01	7.000000e-01	4.000176e-05
7.100000e-01	7.100000e-01	3.998053e-05
7.200000e-01	7.200000e-01	3.995901e-05
7.300000e-01	7.300000e-01	3.998601e-05
7.400000e-01	7.400000e-01	4.001280e-05
7.500000e-01	7.500000e-01	3.999111e-05
7.600000e-01	7.600000e-01	3.996923e-05
7.700000e-01	7.700000e-01	3.999588e-05
7.800000e-01	7.800000e-01	4.002239e-05
7.900000e-01	7.900000e-01	4.000039e-05
8.000000e-01	8.000000e-01	3.997827e-05
8.100000e-01	8.100000e-01	4.000468e-05
8.200000e-01	8.200000e-01	4.003100e-05
8.300000e-01	8.300000e-01	4.000879e-05
8.400000e-01	8.400000e-01	3.998649e-05
8.500000e-01	8.500000e-01	4.001274e-05
8.600000e-01	8.600000e-01	4.003892e-05
8.700000e-01	8.700000e-01	4.001656e-05
8.800000e-01	8.800000e-01	3.999413e-05
8.900000e-01	8.900000e-01	4.002026e-05
9.000000e-01	9.000000e-01	4.004634e-05
9.100000e-01	9.100000e-01	4.002386e-05
9.200000e-01	9.200000e-01	4.000135e-05
9.300000e-01	9.300000e-01	4.002738e-05
9.400000e-01	9.400000e-01	4.005339e-05
9.500000e-01	9.500000e-01	4.003083e-05
9.600000e-01	9.600000e-01	4.000824e-05
9.700000e-01	9.700000e-01	4.003421e-05
9.800000e-01	9.800000e-01	4.006016e-05
9.900000e-01	9.900000e-01	4.003753e-05
0.000000e+00	0.000000e+00	4.591858e-28
1.000000e-02	1.000000e-02	2.171125e-06
2.000000e-02	2.000000e-02	4.283268e-06
3.000000e-02	3.000000e-02	6.336627e-06
4.000000e-02	4.000000e-02	8.331411e-06
5.000000e-02	5.000000e-02	1.026784e-05
6.000000e-02	6.000000e-02	1.214614e-05
7.000000e-02	7.000000e-02	1.396655e-05
8.000000e-02	8.000000e-02	1.572932e-05
9.000000e-02	9.000000e-02	1.743471e-05
1.000000e-01	1.000000e-01	1.908299e-05
1.100000e-01	1.100000e-01	2.067443e-05
1.200000e-01	1.200000e-01	2.220934e-05
1.300000e-01	1.300000e-01	2.368802e-05
1.400000e-01	1.400000e-01	2.511078e-05
1.500000e-01	1.500000e-01	2.647795e-05
1.600000e-01	1.600000e-01	2.778986e-05
1.700000e-01	1.700000e-01	2.904688e-05
1.800000e-01	1.800000e-01	3.024936e-05
1.900000e-01	1.900000e-01	3.139768e-05
2.000000e-01	2.000000e-01	3.249223e-05
2.100000e-01	2.100000e-01	3.353342e-05
2.200000e-01	2.200000e-01	3.452166e-05
2.300000e-01	2.300000e-01	3.545740e-05
2.400000e-01	2.400000e-01	3.634109e-05
2.500000e-01	2.500000e-01	3.717321e-05
2.600000e-01	2.600000e-01	3.795428e-05
2.700000e-01	2.700000e-01	3.868483e-05
2.800000e-01	2.800000e-01	3.936548e-05
2.900000e-01	2.900000e-01	3.999686e-05
3.000000e-01	3.000000e-01	4.057970e-05
3.100000e-01	3.100000e-01	4.111484e-05
3.200000e-01	3.200000e-01	4.160321e-05
3.300000e-01	3.300000e-01	4.204592e-05
3.400000e-01	3.400000e-01	4.244429e-05
3.500000e-01	3.500000e-01	4.279985e-05
3.600000e-01	3.600000e-01	4.311441e-05
3.700000e-01	3.700000e-01	4.339013e-05
3.800000e-01	3.800000e-01	4.362946e-05
3.900000e-01	3.900000e-01	4.380655e-05
4.000000e-01	4.000000e-01	4.401043e-05
4.100000e-01	4.100000e-01	4.416339e-05
4.200000e-01	4.200000e-01	4.427162e-05
4.300000e-01	4.300000e-01	4.438562e-05
4.400000e-01	4.400000e-01	4.446675e-05
4.500000e-01	4.500000e-01	4.452036e-05
4.600000e-01	4.600000e-01	4.460165e-05
4.700000e-01	4.700000e-01	4.466424e-05
4.800000e-01	4.800000e-01	4.471158e-05
4.900000e-01	4.900000e-01	4.474650e-05
5.000000e-01	5.000000e-01	4.477135e-05
5.100000e-01	5.100000e-01	4.478800e-05
5.200000e-01	5.200000e-01	4.479796e-05
5.300000e-01	5.300000e-01	4.480245e-05
5.400000e-01	5.400000e-01	4.483548e-05
5.500000e-01	5.500000e-01	4.486481e-05
5.600000e-01	5.600000e-01	4.489108e-05
5.700000e-01	5.700000e-01	4.487283e-05
5.800000e-01	5.800000e-01	4.485242e-05
5.900000e-01	5.900000e-01	4.489161e-05
6.000000e-01	6.000000e-01	4.492927e-05
6.100000e-01	6.100000e-01	4.490708e-05
6.200000e-01	6.200000e-01	4.488376e-05
6.300000e-01	6.300000e-01	4.492016e-05
6.400000e-01	6.400000e-01	4.495573e-05
6.500000e-01	6.500000e-01	4.493144e-05
6.600000e-01	6.600000e-01	4.490651e-05
6.700000e-01	6.700000e-01	4.494136e-05
6.800000e-01	6.800000e-01	4.497573e-05
6.900000e-01	6.900000e-01	4.495022e-05
7.000000e-01	7.000000e-01	4.492433e-05
7.100000e-01	7.100000e-01	4.495826e-05
7.200000e-01	7.200000e-01	4.499190e-05
7.300000e-01	7.300000e-01	4.496565e-05
7.400000e-01	7.400000e-01	4.493914e-05
7.500000e-01	7.500000e-01	4.497250e-05
7.600000e-01	7.600000e-01	4.500566e-05
7.700000e-01	7.700000e-01	4.497891e-05
7.800000e-01	7.800000e-01	4.495200e-05
7.900000e-01	7.900000e-01	4.498497e-05
8.000000e-01	8.000000e-01	4.501782e-05
8.100000e-01	8.100000e-01	4.499074e-05
8.200000e-01	8.200000e-01	4.496354e-05
8.300000e-01	8.300000e-01	4.499625e-05
8.400000e-01	8.400000e-01	4.502887e-05
8.500000e-01	8.500000e-01	4.500155e-05
8.600000e-01	8.600000e-01	4.497415e-05
8.700000e-01	8.700000e-01	4.500667e-05
8.800000e-01	8.800000e-01	4.503912e-05
8.900000e-01	8.900000e-01	4.501163e-05
9.000000e-01	9.000000e-01	4.498407e-05
9.100000e-01	9.100000e-01	4.501646e-05
9.200000e-01	9.200000e-01	4.504880e-05
9.300000e-01	9.300000e-01	4.502117e-05
9.400000e-01	9.400000e-01	4.499350e-05
9.500000e-01	9.500000e-01	4.502578e-05
9.600000e-01	9.600000e-01	4.505803e-05
9.700000e-01	9.700000e-01	4.503030e-05
9.800000e-01	9.800000e-01	4.500253e-05
9.900000e-01	9.900000e-01	4.503473e-05
0.000000e+00	0.000000e+00	7.413056e-28
1.000000e-02	1.000000e-02	2.359502e-06
2.000000e-02	2.000000e-02	4.658048e-06
3.000000e-02	3.000000e-02	6.895747e-06
4.000000e-02	4.000000e-02	9.072720e-06
5.000000e-02	5.000000e-02	1.118909e-05
6.000000e-02	6.000000e-02	1.324497e-05
7.000000e-02	7.000000e-02	1.524051e-05
8.000000e-02	8.000000e-02	1.717584e-05
9.000000e-02	9.000000e-02	1.905109e-05
1.000000e-01	1.000000e-01	2.086642e-05
1.100000e-01	1.100000e-01	2.262198e-05
1.200000e-01	1.200000e-01	2.431793e-05
1.300000e-01	1.300000e-01	2.595442e-05
1.400000e-01	1.400000e-01	2.753163e-05
1.500000e-01	1.500000e-01	2.904973e-05
1.600000e-01	1.600000e-01	3.050891e-05
1.700000e-01	1.700000e-01	3.190935e-05
1.800000e-01	1.800000e-01	3.325126e-05
1.900000e-01	1.900000e-01	3.453483e-05
2.000000e-01	2.000000e-01	3.576030e-05
2.100000e-01	2.100000e-01	3.692788e-05
2.200000e-01	2.200000e-01	3.803784e-05
2.300000e-01	2.300000e-01	3.909043e-05
2.400000e-01	2.400000e-01	4.008594e-05
2.500000e-01	2.500000e-01	4.102470e-05
2.600000e-01	2.600000e-01	4.190706e-05
2.700000e-01	2.700000e-01	4.273343e-05
2.800000e-01	2.800000e-01	4.350429e-05
2.900000e-01	2.900000e-01	4.422018e-05
3.000000e-01	3.000000e-01	4.488175e-05
3.100000e-01	3.100000e-01	4.548980e-05
3.200000e-01	3.200000e-01	4.604527e-05
3.300000e-01	3.300000e-01	4.654931e-05
3.400000e-01	3.400000e-01	4.700332e-05
3.500000e-01	3.500000e-01	4.740900e-05
3.600000e-01	3.600000e-01	4.776839e-05
3.700000e-01	3.700000e-01	4.808388e-05
3.800000e-01	3.800000e-01	4.833280e-05
3.900000e-01	3.900000e-01	4.859474e-05
4.000000e-01	4.000000e-01	4.880057e-05
4.100000e-01	4.100000e-01	4.895625e-05
4.200000e-01	4.200000e-01	4.911180e-05
4.300000e-01	4.300000e-01	4.922918e-05
4.400000e-01	4.400000e-01	4.931406e-05
4.500000e-01	4.500000e-01	4.941702e-05
4.600000e-01	4.600000e-01	4.949727e-05
4.700000e-01	4.700000e-01	4.955880e-05
4.800000e-01	4.800000e-01	4.960496e-05
4.900000e-01	4.900000e-01	4.963857e-05
5.000000e-01	5.000000e-01	4.966191e-05
5.100000e-01	5.100000e-01	4.967687e-05
5.200000e-01	5.200000e-01	4.972751e-05
5.300000e-01	5.300000e-01	4.977253e-05
5.400000e-01	5.400000e-01	4.976959e-05
5.500000e-01	5.500000e-01	4.976279e-05
5.600000e-01	5.600000e-01	4.980215e-05
5.700000e-01	5.700000e-01	4.983883e-05
5.800000e-01	5.800000e-01	4.982806e-05
5.900000e-01	5.900000e-01	4.981535e-05
6.000000e-01	6.000000e-01	4.984923e-05
6.100000e-01	6.100000e-01	4.988173e-05
6.200000e-01	6.200000e-01	4.986696e-05
6.300000e-01	6.300000e-01	4.985116e-05
6.400000e-01	6.400000e-01	4.988214e-05
6.500000e-01	6.500000e-01	4.991235e-05
6.600000e-01	6.600000e-01	4.989538e-05
6.700000e-01	6.700000e-01	4.987781e-05
6.800000e-01	6.800000e-01	4.990714e-05
6.900000e-01	6.900000e-01	4.993600e-05
7.000000e-01	7.000000e-01	4.991773e-05
7.100000e-01	7.100000e-01	4.989908e-05
7.200000e-01	7.200000e-01	4.992739e-05
7.300000e-01	7.300000e-01	4.995541e-05
7.400000e-01	7.400000e-01	4.993632e-05
7.500000e-01	7.500000e-01	4.991697e-05
7.600000e-01	7.600000e-01	4.994464e-05
7.700000e-01	7.700000e-01	4.997211e-05
7.800000e-01	7.800000e-01	4.995246e-05
7.900000e-01	7.900000e-01	4.993265e-05
8.000000e-01	8.000000e-01	4.995987e-05
8.100000e-01	8.100000e-01	4.998696e-05
8.200000e-01	8.200000e-01	4.996694e-05
8.300000e-01	8.300000e-01	4.994680e-05
8.400000e-01	8.400000e-01	4.997371e-05
8.500000e-01	8.500000e-01	5.000054e-05
8.600000e-01	8.600000e-01	4.998024e-05
8.700000e-01	8.700000e-01	4.995986e-05
8.800000e-01	8.800000e-01	4.998655e-05
8.900000e-01	8.900000e-01	5.001318e-05
9.000000e-01	9.000000e-01	4.999268e-05
9.100000e-01	9.100000e-01	4.997211e-05
9.200000e-01	9.200000e-01	4.999864e-05
9.300000e-01	9.300000e-01	5.002513e-05
9.400000e-01	9.400000e-01	5.000447e-05
9.500000e-01	9.500000e-01	4.998377e-05
9.600000e-01	9.600000e-01	5.001018e-05
9.700000e-01	9.700000e-01	5.003655e-05
9.800000e-01	9.800000e-01	5.001577e-05
9.900000e-01	9.900000e-01	4.999496e-05
