sweep (current)	sweep (current)	id(m1a) (current)
3.800000e-05	3.800000e-05	3.802652e-05
3.801000e-05	3.801000e-05	3.802652e-05
3.802000e-05	3.802000e-05	3.802652e-05
3.803000e-05	3.803000e-05	3.807102e-05
3.804000e-05	3.804000e-05	3.811554e-05
3.805000e-05	3.805000e-05	3.809109e-05
3.806000e-05	3.806000e-05	3.806665e-05
3.807000e-05	3.807000e-05	3.811114e-05
3.808000e-05	3.808000e-05	3.815567e-05
3.809000e-05	3.809000e-05	3.813120e-05
3.810000e-05	3.810000e-05	3.810674e-05
3.811000e-05	3.811000e-05	3.815125e-05
3.812000e-05	3.812000e-05	3.819579e-05
3.813000e-05	3.813000e-05	3.817131e-05
3.814000e-05	3.814000e-05	3.814683e-05
3.815000e-05	3.815000e-05	3.819136e-05
3.816000e-05	3.816000e-05	3.823592e-05
3.817000e-05	3.817000e-05	3.821142e-05
3.818000e-05	3.818000e-05	3.818693e-05
3.819000e-05	3.819000e-05	3.823147e-05
3.820000e-05	3.820000e-05	3.827605e-05
3.821000e-05	3.821000e-05	3.825153e-05
3.822000e-05	3.822000e-05	3.822702e-05
3.823000e-05	3.823000e-05	3.827158e-05
3.824000e-05	3.824000e-05	3.831617e-05
3.825000e-05	3.825000e-05	3.829164e-05
3.826000e-05	3.826000e-05	3.826711e-05
3.827000e-05	3.827000e-05	3.831169e-05
3.828000e-05	3.828000e-05	3.835630e-05
3.829000e-05	3.829000e-05	3.833175e-05
3.830000e-05	3.830000e-05	3.830720e-05
3.831000e-05	3.831000e-05	3.835180e-05
3.832000e-05	3.832000e-05	3.839642e-05
3.833000e-05	3.833000e-05	3.837186e-05
3.834000e-05	3.834000e-05	3.834729e-05
3.835000e-05	3.835000e-05	3.839191e-05
3.836000e-05	3.836000e-05	3.843655e-05
3.837000e-05	3.837000e-05	3.841196e-05
3.838000e-05	3.838000e-05	3.838739e-05
3.839000e-05	3.839000e-05	3.843202e-05
3.840000e-05	3.840000e-05	3.847667e-05
3.841000e-05	3.841000e-05	3.845207e-05
3.842000e-05	3.842000e-05	3.842748e-05
3.843000e-05	3.843000e-05	3.847213e-05
3.844000e-05	3.844000e-05	3.851680e-05
3.845000e-05	3.845000e-05	3.849218e-05
3.846000e-05	3.846000e-05	3.846757e-05
3.847000e-05	3.847000e-05	3.851223e-05
3.848000e-05	3.848000e-05	3.855692e-05
3.849000e-05	3.849000e-05	3.853229e-05
3.850000e-05	3.850000e-05	3.850766e-05
3.851000e-05	3.851000e-05	3.855234e-05
3.852000e-05	3.852000e-05	3.859705e-05
3.853000e-05	3.853000e-05	3.857239e-05
3.854000e-05	3.854000e-05	3.854775e-05
3.855000e-05	3.855000e-05	3.859245e-05
3.856000e-05	3.856000e-05	3.863717e-05
3.857000e-05	3.857000e-05	3.861250e-05
3.858000e-05	3.858000e-05	3.858784e-05
3.859000e-05	3.859000e-05	3.863255e-05
3.860000e-05	3.860000e-05	3.867729e-05
3.861000e-05	3.861000e-05	3.865261e-05
3.862000e-05	3.862000e-05	3.862793e-05
3.863000e-05	3.863000e-05	3.867266e-05
3.864000e-05	3.864000e-05	3.871742e-05
3.865000e-05	3.865000e-05	3.869271e-05
3.866000e-05	3.866000e-05	3.866802e-05
3.867000e-05	3.867000e-05	3.871277e-05
3.868000e-05	3.868000e-05	3.875754e-05
3.869000e-05	3.869000e-05	3.873282e-05
3.870000e-05	3.870000e-05	3.870811e-05
3.871000e-05	3.871000e-05	3.875287e-05
3.872000e-05	3.872000e-05	3.879766e-05
3.873000e-05	3.873000e-05	3.877292e-05
3.874000e-05	3.874000e-05	3.874819e-05
3.875000e-05	3.875000e-05	3.879298e-05
3.876000e-05	3.876000e-05	3.883778e-05
3.877000e-05	3.877000e-05	3.881303e-05
3.878000e-05	3.878000e-05	3.878828e-05
3.879000e-05	3.879000e-05	3.883308e-05
3.880000e-05	3.880000e-05	3.887790e-05
3.881000e-05	3.881000e-05	3.885313e-05
3.882000e-05	3.882000e-05	3.882837e-05
3.883000e-05	3.883000e-05	3.887319e-05
3.884000e-05	3.884000e-05	3.891802e-05
3.885000e-05	3.885000e-05	3.889324e-05
3.886000e-05	3.886000e-05	3.886846e-05
3.887000e-05	3.887000e-05	3.891329e-05
3.888000e-05	3.888000e-05	3.895814e-05
3.889000e-05	3.889000e-05	3.893334e-05
3.890000e-05	3.890000e-05	3.890855e-05
3.891000e-05	3.891000e-05	3.895339e-05
3.892000e-05	3.892000e-05	3.899827e-05
3.893000e-05	3.893000e-05	3.897345e-05
3.894000e-05	3.894000e-05	3.894863e-05
3.895000e-05	3.895000e-05	3.899350e-05
3.896000e-05	3.896000e-05	3.903839e-05
3.897000e-05	3.897000e-05	3.901355e-05
3.898000e-05	3.898000e-05	3.898872e-05
3.899000e-05	3.899000e-05	3.903360e-05
3.900000e-05	3.900000e-05	3.907850e-05
3.901000e-05	3.901000e-05	3.905365e-05
3.902000e-05	3.902000e-05	3.902881e-05
3.903000e-05	3.903000e-05	3.907370e-05
3.904000e-05	3.904000e-05	3.911862e-05
3.905000e-05	3.905000e-05	3.909375e-05
3.906000e-05	3.906000e-05	3.906889e-05
3.907000e-05	3.907000e-05	3.911381e-05
3.908000e-05	3.908000e-05	3.915874e-05
3.909000e-05	3.909000e-05	3.913386e-05
3.910000e-05	3.910000e-05	3.910898e-05
3.911000e-05	3.911000e-05	3.915391e-05
3.912000e-05	3.912000e-05	3.919886e-05
3.913000e-05	3.913000e-05	3.917396e-05
3.914000e-05	3.914000e-05	3.914906e-05
3.915000e-05	3.915000e-05	3.919401e-05
3.916000e-05	3.916000e-05	3.923898e-05
3.917000e-05	3.917000e-05	3.921406e-05
3.918000e-05	3.918000e-05	3.918915e-05
3.919000e-05	3.919000e-05	3.923411e-05
3.920000e-05	3.920000e-05	3.927910e-05
3.921000e-05	3.921000e-05	3.925416e-05
3.922000e-05	3.922000e-05	3.922923e-05
3.923000e-05	3.923000e-05	3.927421e-05
3.924000e-05	3.924000e-05	3.931922e-05
3.925000e-05	3.925000e-05	3.929426e-05
3.926000e-05	3.926000e-05	3.926932e-05
3.927000e-05	3.927000e-05	3.931431e-05
3.928000e-05	3.928000e-05	3.935933e-05
3.929000e-05	3.929000e-05	3.933436e-05
3.930000e-05	3.930000e-05	3.930940e-05
3.931000e-05	3.931000e-05	3.935441e-05
3.932000e-05	3.932000e-05	3.939945e-05
3.933000e-05	3.933000e-05	3.937446e-05
3.934000e-05	3.934000e-05	3.934948e-05
3.935000e-05	3.935000e-05	3.939451e-05
3.936000e-05	3.936000e-05	3.943957e-05
3.937000e-05	3.937000e-05	3.941456e-05
3.938000e-05	3.938000e-05	3.938957e-05
3.939000e-05	3.939000e-05	3.943461e-05
3.940000e-05	3.940000e-05	3.947968e-05
3.941000e-05	3.941000e-05	3.945466e-05
3.942000e-05	3.942000e-05	3.942965e-05
3.943000e-05	3.943000e-05	3.947471e-05
3.944000e-05	3.944000e-05	3.951980e-05
3.945000e-05	3.945000e-05	3.949476e-05
3.946000e-05	3.946000e-05	3.946973e-05
3.947000e-05	3.947000e-05	3.951481e-05
3.948000e-05	3.948000e-05	3.955991e-05
3.949000e-05	3.949000e-05	3.953486e-05
3.950000e-05	3.950000e-05	3.950982e-05
3.951000e-05	3.951000e-05	3.955491e-05
3.952000e-05	3.952000e-05	3.960003e-05
3.953000e-05	3.953000e-05	3.957496e-05
3.954000e-05	3.954000e-05	3.954990e-05
3.955000e-05	3.955000e-05	3.959501e-05
3.956000e-05	3.956000e-05	3.964014e-05
3.957000e-05	3.957000e-05	3.961506e-05
3.958000e-05	3.958000e-05	3.958998e-05
3.959000e-05	3.959000e-05	3.963511e-05
3.960000e-05	3.960000e-05	3.968026e-05
3.961000e-05	3.961000e-05	3.965515e-05
3.962000e-05	3.962000e-05	3.963006e-05
3.963000e-05	3.963000e-05	3.967520e-05
3.964000e-05	3.964000e-05	3.972037e-05
3.965000e-05	3.965000e-05	3.969525e-05
3.966000e-05	3.966000e-05	3.967014e-05
3.967000e-05	3.967000e-05	3.971530e-05
3.968000e-05	3.968000e-05	3.976048e-05
3.969000e-05	3.969000e-05	3.973535e-05
3.970000e-05	3.970000e-05	3.971022e-05
3.971000e-05	3.971000e-05	3.975540e-05
3.972000e-05	3.972000e-05	3.980060e-05
3.973000e-05	3.973000e-05	3.977544e-05
3.974000e-05	3.974000e-05	3.975030e-05
3.975000e-05	3.975000e-05	3.979549e-05
3.976000e-05	3.976000e-05	3.984071e-05
3.977000e-05	3.977000e-05	3.981554e-05
3.978000e-05	3.978000e-05	3.979038e-05
3.979000e-05	3.979000e-05	3.983559e-05
3.980000e-05	3.980000e-05	3.988082e-05
3.981000e-05	3.981000e-05	3.985564e-05
3.982000e-05	3.982000e-05	3.983046e-05
3.983000e-05	3.983000e-05	3.987568e-05
3.984000e-05	3.984000e-05	3.992093e-05
3.985000e-05	3.985000e-05	3.989573e-05
3.986000e-05	3.986000e-05	3.987054e-05
3.987000e-05	3.987000e-05	3.991578e-05
3.988000e-05	3.988000e-05	3.996104e-05
3.989000e-05	3.989000e-05	3.993583e-05
3.990000e-05	3.990000e-05	3.991062e-05
3.991000e-05	3.991000e-05	3.995587e-05
3.992000e-05	3.992000e-05	4.000116e-05
3.993000e-05	3.993000e-05	3.997592e-05
3.994000e-05	3.994000e-05	3.995069e-05
3.995000e-05	3.995000e-05	3.999597e-05
3.996000e-05	3.996000e-05	4.004127e-05
3.997000e-05	3.997000e-05	4.001602e-05
3.998000e-05	3.998000e-05	3.999077e-05
3.999000e-05	3.999000e-05	4.003606e-05
4.000000e-05	4.000000e-05	4.008138e-05
4.001000e-05	4.001000e-05	4.005611e-05
4.002000e-05	4.002000e-05	4.003085e-05
4.003000e-05	4.003000e-05	4.007616e-05
4.004000e-05	4.004000e-05	4.012149e-05
4.005000e-05	4.005000e-05	4.009620e-05
4.006000e-05	4.006000e-05	4.007093e-05
4.007000e-05	4.007000e-05	4.011625e-05
4.008000e-05	4.008000e-05	4.016160e-05
4.009000e-05	4.009000e-05	4.013630e-05
4.010000e-05	4.010000e-05	4.011100e-05
4.011000e-05	4.011000e-05	4.015634e-05
4.012000e-05	4.012000e-05	4.020170e-05
4.013000e-05	4.013000e-05	4.017639e-05
4.014000e-05	4.014000e-05	4.015108e-05
4.015000e-05	4.015000e-05	4.019643e-05
4.016000e-05	4.016000e-05	4.024181e-05
4.017000e-05	4.017000e-05	4.021648e-05
4.018000e-05	4.018000e-05	4.019115e-05
4.019000e-05	4.019000e-05	4.023653e-05
4.020000e-05	4.020000e-05	4.028192e-05
4.021000e-05	4.021000e-05	4.025657e-05
4.022000e-05	4.022000e-05	4.023123e-05
4.023000e-05	4.023000e-05	4.027662e-05
4.024000e-05	4.024000e-05	4.032203e-05
4.025000e-05	4.025000e-05	4.029666e-05
4.026000e-05	4.026000e-05	4.027130e-05
4.027000e-05	4.027000e-05	4.031671e-05
4.028000e-05	4.028000e-05	4.036214e-05
4.029000e-05	4.029000e-05	4.033675e-05
4.030000e-05	4.030000e-05	4.031138e-05
4.031000e-05	4.031000e-05	4.035680e-05
4.032000e-05	4.032000e-05	4.040224e-05
4.033000e-05	4.033000e-05	4.037684e-05
4.034000e-05	4.034000e-05	4.035145e-05
4.035000e-05	4.035000e-05	4.039689e-05
4.036000e-05	4.036000e-05	4.044235e-05
4.037000e-05	4.037000e-05	4.041693e-05
4.038000e-05	4.038000e-05	4.039153e-05
4.039000e-05	4.039000e-05	4.043698e-05
4.040000e-05	4.040000e-05	4.048245e-05
4.041000e-05	4.041000e-05	4.045702e-05
4.042000e-05	4.042000e-05	4.043160e-05
4.043000e-05	4.043000e-05	4.047707e-05
4.044000e-05	4.044000e-05	4.052256e-05
4.045000e-05	4.045000e-05	4.049711e-05
4.046000e-05	4.046000e-05	4.047167e-05
4.047000e-05	4.047000e-05	4.051716e-05
4.048000e-05	4.048000e-05	4.056267e-05
4.049000e-05	4.049000e-05	4.053720e-05
4.050000e-05	4.050000e-05	4.051175e-05
4.051000e-05	4.051000e-05	4.055725e-05
4.052000e-05	4.052000e-05	4.060277e-05
4.053000e-05	4.053000e-05	4.057729e-05
4.054000e-05	4.054000e-05	4.055182e-05
4.055000e-05	4.055000e-05	4.059733e-05
4.056000e-05	4.056000e-05	4.064287e-05
4.057000e-05	4.057000e-05	4.061738e-05
4.058000e-05	4.058000e-05	4.059189e-05
4.059000e-05	4.059000e-05	4.063742e-05
4.060000e-05	4.060000e-05	4.068298e-05
4.061000e-05	4.061000e-05	4.065747e-05
4.062000e-05	4.062000e-05	4.063196e-05
4.063000e-05	4.063000e-05	4.067751e-05
4.064000e-05	4.064000e-05	4.072308e-05
4.065000e-05	4.065000e-05	4.069755e-05
4.066000e-05	4.066000e-05	4.067203e-05
4.067000e-05	4.067000e-05	4.071760e-05
4.068000e-05	4.068000e-05	4.076319e-05
4.069000e-05	4.069000e-05	4.073764e-05
4.070000e-05	4.070000e-05	4.071210e-05
4.071000e-05	4.071000e-05	4.075768e-05
4.072000e-05	4.072000e-05	4.080329e-05
4.073000e-05	4.073000e-05	4.077773e-05
4.074000e-05	4.074000e-05	4.075217e-05
4.075000e-05	4.075000e-05	4.079777e-05
4.076000e-05	4.076000e-05	4.084339e-05
4.077000e-05	4.077000e-05	4.081781e-05
4.078000e-05	4.078000e-05	4.079224e-05
4.079000e-05	4.079000e-05	4.083785e-05
4.080000e-05	4.080000e-05	4.088349e-05
4.081000e-05	4.081000e-05	4.085790e-05
4.082000e-05	4.082000e-05	4.083231e-05
4.083000e-05	4.083000e-05	4.087794e-05
4.084000e-05	4.084000e-05	4.092359e-05
4.085000e-05	4.085000e-05	4.089798e-05
4.086000e-05	4.086000e-05	4.087238e-05
4.087000e-05	4.087000e-05	4.091802e-05
4.088000e-05	4.088000e-05	4.096369e-05
4.089000e-05	4.089000e-05	4.093807e-05
4.090000e-05	4.090000e-05	4.091245e-05
4.091000e-05	4.091000e-05	4.095811e-05
4.092000e-05	4.092000e-05	4.100379e-05
4.093000e-05	4.093000e-05	4.097815e-05
4.094000e-05	4.094000e-05	4.095251e-05
4.095000e-05	4.095000e-05	4.099819e-05
4.096000e-05	4.096000e-05	4.104389e-05
4.097000e-05	4.097000e-05	4.101823e-05
4.098000e-05	4.098000e-05	4.099258e-05
4.099000e-05	4.099000e-05	4.103828e-05
4.100000e-05	4.100000e-05	4.108399e-05
4.101000e-05	4.101000e-05	4.105832e-05
4.102000e-05	4.102000e-05	4.103265e-05
4.103000e-05	4.103000e-05	4.107836e-05
4.104000e-05	4.104000e-05	4.112409e-05
4.105000e-05	4.105000e-05	4.109840e-05
4.106000e-05	4.106000e-05	4.107272e-05
4.107000e-05	4.107000e-05	4.111844e-05
4.108000e-05	4.108000e-05	4.116419e-05
4.109000e-05	4.109000e-05	4.113848e-05
4.110000e-05	4.110000e-05	4.111278e-05
4.111000e-05	4.111000e-05	4.115852e-05
4.112000e-05	4.112000e-05	4.120429e-05
4.113000e-05	4.113000e-05	4.117856e-05
4.114000e-05	4.114000e-05	4.115285e-05
4.115000e-05	4.115000e-05	4.119860e-05
4.116000e-05	4.116000e-05	4.124439e-05
4.117000e-05	4.117000e-05	4.121865e-05
4.118000e-05	4.118000e-05	4.119291e-05
4.119000e-05	4.119000e-05	4.123869e-05
4.120000e-05	4.120000e-05	4.128448e-05
4.121000e-05	4.121000e-05	4.125873e-05
4.122000e-05	4.122000e-05	4.123298e-05
4.123000e-05	4.123000e-05	4.127877e-05
4.124000e-05	4.124000e-05	4.132458e-05
4.125000e-05	4.125000e-05	4.129881e-05
4.126000e-05	4.126000e-05	4.127304e-05
4.127000e-05	4.127000e-05	4.131885e-05
4.128000e-05	4.128000e-05	4.136468e-05
4.129000e-05	4.129000e-05	4.133889e-05
4.130000e-05	4.130000e-05	4.131310e-05
4.131000e-05	4.131000e-05	4.135893e-05
4.132000e-05	4.132000e-05	4.140477e-05
4.133000e-05	4.133000e-05	4.137897e-05
4.134000e-05	4.134000e-05	4.135317e-05
4.135000e-05	4.135000e-05	4.139901e-05
4.136000e-05	4.136000e-05	4.144487e-05
4.137000e-05	4.137000e-05	4.141905e-05
4.138000e-05	4.138000e-05	4.139323e-05
4.139000e-05	4.139000e-05	4.143908e-05
4.140000e-05	4.140000e-05	4.148496e-05
4.141000e-05	4.141000e-05	4.145912e-05
4.142000e-05	4.142000e-05	4.143329e-05
4.143000e-05	4.143000e-05	4.147916e-05
4.144000e-05	4.144000e-05	4.152506e-05
4.145000e-05	4.145000e-05	4.149920e-05
4.146000e-05	4.146000e-05	4.147336e-05
4.147000e-05	4.147000e-05	4.151924e-05
4.148000e-05	4.148000e-05	4.156515e-05
4.149000e-05	4.149000e-05	4.153928e-05
4.150000e-05	4.150000e-05	4.151342e-05
4.151000e-05	4.151000e-05	4.155932e-05
4.152000e-05	4.152000e-05	4.160524e-05
4.153000e-05	4.153000e-05	4.157936e-05
4.154000e-05	4.154000e-05	4.155348e-05
4.155000e-05	4.155000e-05	4.159940e-05
4.156000e-05	4.156000e-05	4.164534e-05
4.157000e-05	4.157000e-05	4.161943e-05
4.158000e-05	4.158000e-05	4.159354e-05
4.159000e-05	4.159000e-05	4.163947e-05
4.160000e-05	4.160000e-05	4.168543e-05
4.161000e-05	4.161000e-05	4.165951e-05
4.162000e-05	4.162000e-05	4.163360e-05
4.163000e-05	4.163000e-05	4.167955e-05
4.164000e-05	4.164000e-05	4.172552e-05
4.165000e-05	4.165000e-05	4.169959e-05
4.166000e-05	4.166000e-05	4.167366e-05
4.167000e-05	4.167000e-05	4.171962e-05
4.168000e-05	4.168000e-05	4.176561e-05
4.169000e-05	4.169000e-05	4.173966e-05
4.170000e-05	4.170000e-05	4.171372e-05
4.171000e-05	4.171000e-05	4.175970e-05
4.172000e-05	4.172000e-05	4.180570e-05
4.173000e-05	4.173000e-05	4.177974e-05
4.174000e-05	4.174000e-05	4.175378e-05
4.175000e-05	4.175000e-05	4.179977e-05
4.176000e-05	4.176000e-05	4.184579e-05
4.177000e-05	4.177000e-05	4.181981e-05
4.178000e-05	4.178000e-05	4.179384e-05
4.179000e-05	4.179000e-05	4.183985e-05
4.180000e-05	4.180000e-05	4.188588e-05
4.181000e-05	4.181000e-05	4.185988e-05
4.182000e-05	4.182000e-05	4.183389e-05
4.183000e-05	4.183000e-05	4.187992e-05
4.184000e-05	4.184000e-05	4.192597e-05
4.185000e-05	4.185000e-05	4.189996e-05
4.186000e-05	4.186000e-05	4.187395e-05
4.187000e-05	4.187000e-05	4.191999e-05
4.188000e-05	4.188000e-05	4.196606e-05
4.189000e-05	4.189000e-05	4.194003e-05
4.190000e-05	4.190000e-05	4.191401e-05
4.191000e-05	4.191000e-05	4.196007e-05
4.192000e-05	4.192000e-05	4.200615e-05
4.193000e-05	4.193000e-05	4.198010e-05
4.194000e-05	4.194000e-05	4.195406e-05
4.195000e-05	4.195000e-05	4.200014e-05
4.196000e-05	4.196000e-05	4.204624e-05
4.197000e-05	4.197000e-05	4.202018e-05
4.198000e-05	4.198000e-05	4.199412e-05
4.199000e-05	4.199000e-05	4.204021e-05
4.200000e-05	4.200000e-05	4.208633e-05
4.201000e-05	4.201000e-05	4.206025e-05
4.202000e-05	4.202000e-05	4.203418e-05
4.203000e-05	4.203000e-05	4.208028e-05
4.204000e-05	4.204000e-05	4.212641e-05
4.205000e-05	4.205000e-05	4.210032e-05
4.206000e-05	4.206000e-05	4.207423e-05
4.207000e-05	4.207000e-05	4.212035e-05
4.208000e-05	4.208000e-05	4.216650e-05
4.209000e-05	4.209000e-05	4.214039e-05
4.210000e-05	4.210000e-05	4.211428e-05
4.211000e-05	4.211000e-05	4.216042e-05
4.212000e-05	4.212000e-05	4.220659e-05
4.213000e-05	4.213000e-05	4.218046e-05
4.214000e-05	4.214000e-05	4.215434e-05
4.215000e-05	4.215000e-05	4.220049e-05
4.216000e-05	4.216000e-05	4.224667e-05
4.217000e-05	4.217000e-05	4.222053e-05
4.218000e-05	4.218000e-05	4.219439e-05
4.219000e-05	4.219000e-05	4.224056e-05
4.220000e-05	4.220000e-05	4.228676e-05
4.221000e-05	4.221000e-05	4.226060e-05
4.222000e-05	4.222000e-05	4.223445e-05
4.223000e-05	4.223000e-05	4.228063e-05
4.224000e-05	4.224000e-05	4.232684e-05
4.225000e-05	4.225000e-05	4.230067e-05
4.226000e-05	4.226000e-05	4.227450e-05
4.227000e-05	4.227000e-05	4.232070e-05
4.228000e-05	4.228000e-05	4.236693e-05
4.229000e-05	4.229000e-05	4.234073e-05
4.230000e-05	4.230000e-05	4.231455e-05
4.231000e-05	4.231000e-05	4.236077e-05
4.232000e-05	4.232000e-05	4.240701e-05
4.233000e-05	4.233000e-05	4.238080e-05
4.234000e-05	4.234000e-05	4.235460e-05
4.235000e-05	4.235000e-05	4.240084e-05
4.236000e-05	4.236000e-05	4.244709e-05
4.237000e-05	4.237000e-05	4.242087e-05
4.238000e-05	4.238000e-05	4.239465e-05
4.239000e-05	4.239000e-05	4.244090e-05
4.240000e-05	4.240000e-05	4.248718e-05
4.241000e-05	4.241000e-05	4.246094e-05
4.242000e-05	4.242000e-05	4.243470e-05
4.243000e-05	4.243000e-05	4.248097e-05
4.244000e-05	4.244000e-05	4.252726e-05
4.245000e-05	4.245000e-05	4.250100e-05
4.246000e-05	4.246000e-05	4.247475e-05
4.247000e-05	4.247000e-05	4.252103e-05
4.248000e-05	4.248000e-05	4.256734e-05
4.249000e-05	4.249000e-05	4.254107e-05
4.250000e-05	4.250000e-05	4.251480e-05
4.251000e-05	4.251000e-05	4.256110e-05
4.252000e-05	4.252000e-05	4.260742e-05
4.253000e-05	4.253000e-05	4.258113e-05
4.254000e-05	4.254000e-05	4.255485e-05
4.255000e-05	4.255000e-05	4.260116e-05
4.256000e-05	4.256000e-05	4.264750e-05
4.257000e-05	4.257000e-05	4.262120e-05
4.258000e-05	4.258000e-05	4.259490e-05
4.259000e-05	4.259000e-05	4.264123e-05
4.260000e-05	4.260000e-05	4.268758e-05
4.261000e-05	4.261000e-05	4.266126e-05
4.262000e-05	4.262000e-05	4.263495e-05
4.263000e-05	4.263000e-05	4.268129e-05
4.264000e-05	4.264000e-05	4.272766e-05
4.265000e-05	4.265000e-05	4.270132e-05
4.266000e-05	4.266000e-05	4.267500e-05
4.267000e-05	4.267000e-05	4.272136e-05
4.268000e-05	4.268000e-05	4.276774e-05
4.269000e-05	4.269000e-05	4.274139e-05
4.270000e-05	4.270000e-05	4.271504e-05
4.271000e-05	4.271000e-05	4.276142e-05
4.272000e-05	4.272000e-05	4.280782e-05
4.273000e-05	4.273000e-05	4.278145e-05
4.274000e-05	4.274000e-05	4.275509e-05
4.275000e-05	4.275000e-05	4.280148e-05
4.276000e-05	4.276000e-05	4.284790e-05
4.277000e-05	4.277000e-05	4.282151e-05
4.278000e-05	4.278000e-05	4.279514e-05
4.279000e-05	4.279000e-05	4.284154e-05
4.280000e-05	4.280000e-05	4.288797e-05
4.281000e-05	4.281000e-05	4.286157e-05
4.282000e-05	4.282000e-05	4.283518e-05
4.283000e-05	4.283000e-05	4.288160e-05
4.284000e-05	4.284000e-05	4.292805e-05
4.285000e-05	4.285000e-05	4.290163e-05
4.286000e-05	4.286000e-05	4.287523e-05
4.287000e-05	4.287000e-05	4.292166e-05
4.288000e-05	4.288000e-05	4.296813e-05
4.289000e-05	4.289000e-05	4.294169e-05
4.290000e-05	4.290000e-05	4.291527e-05
4.291000e-05	4.291000e-05	4.296172e-05
4.292000e-05	4.292000e-05	4.300820e-05
4.293000e-05	4.293000e-05	4.298175e-05
4.294000e-05	4.294000e-05	4.295532e-05
4.295000e-05	4.295000e-05	4.300178e-05
4.296000e-05	4.296000e-05	4.304828e-05
4.297000e-05	4.297000e-05	4.302181e-05
4.298000e-05	4.298000e-05	4.299536e-05
4.299000e-05	4.299000e-05	4.304184e-05
4.300000e-05	4.300000e-05	4.308835e-05
4.301000e-05	4.301000e-05	4.306187e-05
4.302000e-05	4.302000e-05	4.303540e-05
4.303000e-05	4.303000e-05	4.308190e-05
4.304000e-05	4.304000e-05	4.312843e-05
4.305000e-05	4.305000e-05	4.310193e-05
4.306000e-05	4.306000e-05	4.307544e-05
4.307000e-05	4.307000e-05	4.312196e-05
4.308000e-05	4.308000e-05	4.316850e-05
4.309000e-05	4.309000e-05	4.314199e-05
4.310000e-05	4.310000e-05	4.311549e-05
4.311000e-05	4.311000e-05	4.316202e-05
4.312000e-05	4.312000e-05	4.320857e-05
4.313000e-05	4.313000e-05	4.318205e-05
4.314000e-05	4.314000e-05	4.315553e-05
4.315000e-05	4.315000e-05	4.320207e-05
4.316000e-05	4.316000e-05	4.324865e-05
4.317000e-05	4.317000e-05	4.322210e-05
4.318000e-05	4.318000e-05	4.319557e-05
4.319000e-05	4.319000e-05	4.324213e-05
4.320000e-05	4.320000e-05	4.328872e-05
4.321000e-05	4.321000e-05	4.326216e-05
4.322000e-05	4.322000e-05	4.323561e-05
4.323000e-05	4.323000e-05	4.328219e-05
4.324000e-05	4.324000e-05	4.332879e-05
4.325000e-05	4.325000e-05	4.330222e-05
4.326000e-05	4.326000e-05	4.327565e-05
4.327000e-05	4.327000e-05	4.332224e-05
4.328000e-05	4.328000e-05	4.336886e-05
4.329000e-05	4.329000e-05	4.334227e-05
4.330000e-05	4.330000e-05	4.331569e-05
4.331000e-05	4.331000e-05	4.336230e-05
4.332000e-05	4.332000e-05	4.340893e-05
4.333000e-05	4.333000e-05	4.338232e-05
4.334000e-05	4.334000e-05	4.335573e-05
4.335000e-05	4.335000e-05	4.340235e-05
4.336000e-05	4.336000e-05	4.344900e-05
4.337000e-05	4.337000e-05	4.342238e-05
4.338000e-05	4.338000e-05	4.339577e-05
4.339000e-05	4.339000e-05	4.344241e-05
4.340000e-05	4.340000e-05	4.348907e-05
4.341000e-05	4.341000e-05	4.346243e-05
4.342000e-05	4.342000e-05	4.343580e-05
4.343000e-05	4.343000e-05	4.348246e-05
4.344000e-05	4.344000e-05	4.352914e-05
4.345000e-05	4.345000e-05	4.350249e-05
4.346000e-05	4.346000e-05	4.347584e-05
4.347000e-05	4.347000e-05	4.352251e-05
4.348000e-05	4.348000e-05	4.356921e-05
4.349000e-05	4.349000e-05	4.354254e-05
4.350000e-05	4.350000e-05	4.351588e-05
4.351000e-05	4.351000e-05	4.356256e-05
4.352000e-05	4.352000e-05	4.360927e-05
4.353000e-05	4.353000e-05	4.358259e-05
4.354000e-05	4.354000e-05	4.355591e-05
4.355000e-05	4.355000e-05	4.360262e-05
4.356000e-05	4.356000e-05	4.364934e-05
4.357000e-05	4.357000e-05	4.362264e-05
4.358000e-05	4.358000e-05	4.359595e-05
4.359000e-05	4.359000e-05	4.364267e-05
4.360000e-05	4.360000e-05	4.368941e-05
4.361000e-05	4.361000e-05	4.366269e-05
4.362000e-05	4.362000e-05	4.363598e-05
4.363000e-05	4.363000e-05	4.368272e-05
4.364000e-05	4.364000e-05	4.372947e-05
4.365000e-05	4.365000e-05	4.370274e-05
4.366000e-05	4.366000e-05	4.367602e-05
4.367000e-05	4.367000e-05	4.372277e-05
4.368000e-05	4.368000e-05	4.376954e-05
4.369000e-05	4.369000e-05	4.374279e-05
4.370000e-05	4.370000e-05	4.371605e-05
4.371000e-05	4.371000e-05	4.376282e-05
4.372000e-05	4.372000e-05	4.380960e-05
4.373000e-05	4.373000e-05	4.378284e-05
4.374000e-05	4.374000e-05	4.375608e-05
4.375000e-05	4.375000e-05	4.380287e-05
4.376000e-05	4.376000e-05	4.384967e-05
4.377000e-05	4.377000e-05	4.382289e-05
4.378000e-05	4.378000e-05	4.379612e-05
4.379000e-05	4.379000e-05	4.384291e-05
4.380000e-05	4.380000e-05	4.388973e-05
4.381000e-05	4.381000e-05	4.386294e-05
4.382000e-05	4.382000e-05	4.383615e-05
4.383000e-05	4.383000e-05	4.388296e-05
4.384000e-05	4.384000e-05	4.392980e-05
4.385000e-05	4.385000e-05	4.390298e-05
4.386000e-05	4.386000e-05	4.387618e-05
4.387000e-05	4.387000e-05	4.392301e-05
4.388000e-05	4.388000e-05	4.396986e-05
4.389000e-05	4.389000e-05	4.394303e-05
4.390000e-05	4.390000e-05	4.391621e-05
4.391000e-05	4.391000e-05	4.396305e-05
4.392000e-05	4.392000e-05	4.400992e-05
4.393000e-05	4.393000e-05	4.398308e-05
4.394000e-05	4.394000e-05	4.395624e-05
4.395000e-05	4.395000e-05	4.400310e-05
4.396000e-05	4.396000e-05	4.404998e-05
4.397000e-05	4.397000e-05	4.402312e-05
4.398000e-05	4.398000e-05	4.399627e-05
4.399000e-05	4.399000e-05	4.404315e-05
4.400000e-05	4.400000e-05	4.409004e-05
4.401000e-05	4.401000e-05	4.406317e-05
4.402000e-05	4.402000e-05	4.403630e-05
4.403000e-05	4.403000e-05	4.408319e-05
4.404000e-05	4.404000e-05	4.413010e-05
4.405000e-05	4.405000e-05	4.410321e-05
4.406000e-05	4.406000e-05	4.407633e-05
4.407000e-05	4.407000e-05	4.412324e-05
4.408000e-05	4.408000e-05	4.417016e-05
4.409000e-05	4.409000e-05	4.414326e-05
4.410000e-05	4.410000e-05	4.411636e-05
4.411000e-05	4.411000e-05	4.416328e-05
4.412000e-05	4.412000e-05	4.421022e-05
4.413000e-05	4.413000e-05	4.418330e-05
4.414000e-05	4.414000e-05	4.415639e-05
4.415000e-05	4.415000e-05	4.420332e-05
4.416000e-05	4.416000e-05	4.425028e-05
4.417000e-05	4.417000e-05	4.422334e-05
4.418000e-05	4.418000e-05	4.419642e-05
4.419000e-05	4.419000e-05	4.424337e-05
4.420000e-05	4.420000e-05	4.429034e-05
4.421000e-05	4.421000e-05	4.426339e-05
4.422000e-05	4.422000e-05	4.423644e-05
4.423000e-05	4.423000e-05	4.428341e-05
4.424000e-05	4.424000e-05	4.433040e-05
4.425000e-05	4.425000e-05	4.430343e-05
4.426000e-05	4.426000e-05	4.427647e-05
4.427000e-05	4.427000e-05	4.432345e-05
4.428000e-05	4.428000e-05	4.437045e-05
4.429000e-05	4.429000e-05	4.434347e-05
4.430000e-05	4.430000e-05	4.431649e-05
4.431000e-05	4.431000e-05	4.436349e-05
4.432000e-05	4.432000e-05	4.441051e-05
4.433000e-05	4.433000e-05	4.438351e-05
4.434000e-05	4.434000e-05	4.435652e-05
4.435000e-05	4.435000e-05	4.440353e-05
4.436000e-05	4.436000e-05	4.445056e-05
4.437000e-05	4.437000e-05	4.442355e-05
4.438000e-05	4.438000e-05	4.439654e-05
4.439000e-05	4.439000e-05	4.444357e-05
4.440000e-05	4.440000e-05	4.449062e-05
4.441000e-05	4.441000e-05	4.446359e-05
4.442000e-05	4.442000e-05	4.443657e-05
4.443000e-05	4.443000e-05	4.448361e-05
4.444000e-05	4.444000e-05	4.453067e-05
4.445000e-05	4.445000e-05	4.450363e-05
4.446000e-05	4.446000e-05	4.447659e-05
4.447000e-05	4.447000e-05	4.452365e-05
4.448000e-05	4.448000e-05	4.457073e-05
4.449000e-05	4.449000e-05	4.454367e-05
4.450000e-05	4.450000e-05	4.451661e-05
4.451000e-05	4.451000e-05	4.456369e-05
4.452000e-05	4.452000e-05	4.461078e-05
4.453000e-05	4.453000e-05	4.458370e-05
4.454000e-05	4.454000e-05	4.455663e-05
4.455000e-05	4.455000e-05	4.460372e-05
4.456000e-05	4.456000e-05	4.465083e-05
4.457000e-05	4.457000e-05	4.462374e-05
4.458000e-05	4.458000e-05	4.459666e-05
4.459000e-05	4.459000e-05	4.464376e-05
4.460000e-05	4.460000e-05	4.469089e-05
4.461000e-05	4.461000e-05	4.466378e-05
4.462000e-05	4.462000e-05	4.463668e-05
4.463000e-05	4.463000e-05	4.468380e-05
4.464000e-05	4.464000e-05	4.473094e-05
4.465000e-05	4.465000e-05	4.470381e-05
4.466000e-05	4.466000e-05	4.467670e-05
4.467000e-05	4.467000e-05	4.472383e-05
4.468000e-05	4.468000e-05	4.477099e-05
4.469000e-05	4.469000e-05	4.474385e-05
4.470000e-05	4.470000e-05	4.471672e-05
4.471000e-05	4.471000e-05	4.476387e-05
4.472000e-05	4.472000e-05	4.481104e-05
4.473000e-05	4.473000e-05	4.478388e-05
4.474000e-05	4.474000e-05	4.475674e-05
4.475000e-05	4.475000e-05	4.480390e-05
4.476000e-05	4.476000e-05	4.485109e-05
4.477000e-05	4.477000e-05	4.482392e-05
4.478000e-05	4.478000e-05	4.479675e-05
4.479000e-05	4.479000e-05	4.484393e-05
4.480000e-05	4.480000e-05	4.489114e-05
4.481000e-05	4.481000e-05	4.486395e-05
4.482000e-05	4.482000e-05	4.483677e-05
4.483000e-05	4.483000e-05	4.488397e-05
4.484000e-05	4.484000e-05	4.493119e-05
4.485000e-05	4.485000e-05	4.490398e-05
4.486000e-05	4.486000e-05	4.487679e-05
4.487000e-05	4.487000e-05	4.492400e-05
4.488000e-05	4.488000e-05	4.497123e-05
4.489000e-05	4.489000e-05	4.494402e-05
4.490000e-05	4.490000e-05	4.491681e-05
4.491000e-05	4.491000e-05	4.496403e-05
4.492000e-05	4.492000e-05	4.501128e-05
4.493000e-05	4.493000e-05	4.498405e-05
4.494000e-05	4.494000e-05	4.495682e-05
4.495000e-05	4.495000e-05	4.500406e-05
4.496000e-05	4.496000e-05	4.505133e-05
4.497000e-05	4.497000e-05	4.502408e-05
4.498000e-05	4.498000e-05	4.499684e-05
4.499000e-05	4.499000e-05	4.504409e-05
4.500000e-05	4.500000e-05	4.509137e-05
4.501000e-05	4.501000e-05	4.506411e-05
4.502000e-05	4.502000e-05	4.503685e-05
4.503000e-05	4.503000e-05	4.508412e-05
4.504000e-05	4.504000e-05	4.513142e-05
4.505000e-05	4.505000e-05	4.510414e-05
4.506000e-05	4.506000e-05	4.507687e-05
4.507000e-05	4.507000e-05	4.512415e-05
4.508000e-05	4.508000e-05	4.517146e-05
4.509000e-05	4.509000e-05	4.514417e-05
4.510000e-05	4.510000e-05	4.511688e-05
4.511000e-05	4.511000e-05	4.516418e-05
4.512000e-05	4.512000e-05	4.521151e-05
4.513000e-05	4.513000e-05	4.518420e-05
4.514000e-05	4.514000e-05	4.515689e-05
4.515000e-05	4.515000e-05	4.520421e-05
4.516000e-05	4.516000e-05	4.525155e-05
4.517000e-05	4.517000e-05	4.522423e-05
4.518000e-05	4.518000e-05	4.519691e-05
4.519000e-05	4.519000e-05	4.524424e-05
4.520000e-05	4.520000e-05	4.529159e-05
4.521000e-05	4.521000e-05	4.526425e-05
4.522000e-05	4.522000e-05	4.523692e-05
4.523000e-05	4.523000e-05	4.528427e-05
4.524000e-05	4.524000e-05	4.533164e-05
4.525000e-05	4.525000e-05	4.530428e-05
4.526000e-05	4.526000e-05	4.527693e-05
4.527000e-05	4.527000e-05	4.532429e-05
4.528000e-05	4.528000e-05	4.537168e-05
4.529000e-05	4.529000e-05	4.534431e-05
4.530000e-05	4.530000e-05	4.531694e-05
4.531000e-05	4.531000e-05	4.536432e-05
4.532000e-05	4.532000e-05	4.541172e-05
4.533000e-05	4.533000e-05	4.538433e-05
4.534000e-05	4.534000e-05	4.535695e-05
4.535000e-05	4.535000e-05	4.540434e-05
4.536000e-05	4.536000e-05	4.545176e-05
4.537000e-05	4.537000e-05	4.542436e-05
4.538000e-05	4.538000e-05	4.539696e-05
4.539000e-05	4.539000e-05	4.544437e-05
4.540000e-05	4.540000e-05	4.549180e-05
4.541000e-05	4.541000e-05	4.546438e-05
4.542000e-05	4.542000e-05	4.543697e-05
4.543000e-05	4.543000e-05	4.548439e-05
4.544000e-05	4.544000e-05	4.553184e-05
4.545000e-05	4.545000e-05	4.550440e-05
4.546000e-05	4.546000e-05	4.547698e-05
4.547000e-05	4.547000e-05	4.552442e-05
4.548000e-05	4.548000e-05	4.557188e-05
4.549000e-05	4.549000e-05	4.554443e-05
4.550000e-05	4.550000e-05	4.551699e-05
4.551000e-05	4.551000e-05	4.556444e-05
4.552000e-05	4.552000e-05	4.561191e-05
4.553000e-05	4.553000e-05	4.558445e-05
4.554000e-05	4.554000e-05	4.555699e-05
4.555000e-05	4.555000e-05	4.560446e-05
4.556000e-05	4.556000e-05	4.565195e-05
4.557000e-05	4.557000e-05	4.562447e-05
4.558000e-05	4.558000e-05	4.559700e-05
4.559000e-05	4.559000e-05	4.564448e-05
4.560000e-05	4.560000e-05	4.569199e-05
4.561000e-05	4.561000e-05	4.566449e-05
4.562000e-05	4.562000e-05	4.563701e-05
4.563000e-05	4.563000e-05	4.568450e-05
4.564000e-05	4.564000e-05	4.573202e-05
4.565000e-05	4.565000e-05	4.570451e-05
4.566000e-05	4.566000e-05	4.567701e-05
4.567000e-05	4.567000e-05	4.572452e-05
4.568000e-05	4.568000e-05	4.577206e-05
4.569000e-05	4.569000e-05	4.574453e-05
4.570000e-05	4.570000e-05	4.571701e-05
4.571000e-05	4.571000e-05	4.576454e-05
4.572000e-05	4.572000e-05	4.581209e-05
4.573000e-05	4.573000e-05	4.578455e-05
4.574000e-05	4.574000e-05	4.575702e-05
4.575000e-05	4.575000e-05	4.580456e-05
4.576000e-05	4.576000e-05	4.585213e-05
4.577000e-05	4.577000e-05	4.582457e-05
4.578000e-05	4.578000e-05	4.579702e-05
4.579000e-05	4.579000e-05	4.584458e-05
4.580000e-05	4.580000e-05	4.589216e-05
4.581000e-05	4.581000e-05	4.586459e-05
4.582000e-05	4.582000e-05	4.583702e-05
4.583000e-05	4.583000e-05	4.588460e-05
4.584000e-05	4.584000e-05	4.593219e-05
4.585000e-05	4.585000e-05	4.590461e-05
4.586000e-05	4.586000e-05	4.587703e-05
4.587000e-05	4.587000e-05	4.592461e-05
4.588000e-05	4.588000e-05	4.597223e-05
4.589000e-05	4.589000e-05	4.594462e-05
4.590000e-05	4.590000e-05	4.591703e-05
4.591000e-05	4.591000e-05	4.596463e-05
4.592000e-05	4.592000e-05	4.601226e-05
4.593000e-05	4.593000e-05	4.598464e-05
4.594000e-05	4.594000e-05	4.595703e-05
4.595000e-05	4.595000e-05	4.600465e-05
4.596000e-05	4.596000e-05	4.605229e-05
4.597000e-05	4.597000e-05	4.602465e-05
4.598000e-05	4.598000e-05	4.599703e-05
4.599000e-05	4.599000e-05	4.604466e-05
4.600000e-05	4.600000e-05	4.609232e-05
4.601000e-05	4.601000e-05	4.606467e-05
4.602000e-05	4.602000e-05	4.603703e-05
4.603000e-05	4.603000e-05	4.608468e-05
4.604000e-05	4.604000e-05	4.613235e-05
4.605000e-05	4.605000e-05	4.610468e-05
4.606000e-05	4.606000e-05	4.607703e-05
4.607000e-05	4.607000e-05	4.612469e-05
4.608000e-05	4.608000e-05	4.617238e-05
4.609000e-05	4.609000e-05	4.614470e-05
4.610000e-05	4.610000e-05	4.611702e-05
4.611000e-05	4.611000e-05	4.616470e-05
4.612000e-05	4.612000e-05	4.621240e-05
4.613000e-05	4.613000e-05	4.618471e-05
4.614000e-05	4.614000e-05	4.615702e-05
4.615000e-05	4.615000e-05	4.620472e-05
4.616000e-05	4.616000e-05	4.625243e-05
4.617000e-05	4.617000e-05	4.622472e-05
4.618000e-05	4.618000e-05	4.619702e-05
4.619000e-05	4.619000e-05	4.624473e-05
4.620000e-05	4.620000e-05	4.629246e-05
4.621000e-05	4.621000e-05	4.626473e-05
4.622000e-05	4.622000e-05	4.623702e-05
4.623000e-05	4.623000e-05	4.628474e-05
4.624000e-05	4.624000e-05	4.633249e-05
4.625000e-05	4.625000e-05	4.630474e-05
4.626000e-05	4.626000e-05	4.627701e-05
4.627000e-05	4.627000e-05	4.632475e-05
4.628000e-05	4.628000e-05	4.637251e-05
4.629000e-05	4.629000e-05	4.634475e-05
4.630000e-05	4.630000e-05	4.631701e-05
4.631000e-05	4.631000e-05	4.636476e-05
4.632000e-05	4.632000e-05	4.641254e-05
4.633000e-05	4.633000e-05	4.638476e-05
4.634000e-05	4.634000e-05	4.635700e-05
4.635000e-05	4.635000e-05	4.640477e-05
4.636000e-05	4.636000e-05	4.645256e-05
4.637000e-05	4.637000e-05	4.642477e-05
4.638000e-05	4.638000e-05	4.639699e-05
4.639000e-05	4.639000e-05	4.644478e-05
4.640000e-05	4.640000e-05	4.649258e-05
4.641000e-05	4.641000e-05	4.646478e-05
4.642000e-05	4.642000e-05	4.643699e-05
4.643000e-05	4.643000e-05	4.648478e-05
4.644000e-05	4.644000e-05	4.653261e-05
4.645000e-05	4.645000e-05	4.650479e-05
4.646000e-05	4.646000e-05	4.647698e-05
4.647000e-05	4.647000e-05	4.652479e-05
4.648000e-05	4.648000e-05	4.657263e-05
4.649000e-05	4.649000e-05	4.654479e-05
4.650000e-05	4.650000e-05	4.651697e-05
4.651000e-05	4.651000e-05	4.656480e-05
4.652000e-05	4.652000e-05	4.661265e-05
4.653000e-05	4.653000e-05	4.658480e-05
4.654000e-05	4.654000e-05	4.655696e-05
4.655000e-05	4.655000e-05	4.660480e-05
4.656000e-05	4.656000e-05	4.665267e-05
4.657000e-05	4.657000e-05	4.662481e-05
4.658000e-05	4.658000e-05	4.659695e-05
4.659000e-05	4.659000e-05	4.664481e-05
4.660000e-05	4.660000e-05	4.669269e-05
4.661000e-05	4.661000e-05	4.666481e-05
4.662000e-05	4.662000e-05	4.663694e-05
4.663000e-05	4.663000e-05	4.668481e-05
4.664000e-05	4.664000e-05	4.673271e-05
4.665000e-05	4.665000e-05	4.670482e-05
4.666000e-05	4.666000e-05	4.667693e-05
4.667000e-05	4.667000e-05	4.672482e-05
4.668000e-05	4.668000e-05	4.677273e-05
4.669000e-05	4.669000e-05	4.674482e-05
4.670000e-05	4.670000e-05	4.671692e-05
4.671000e-05	4.671000e-05	4.676482e-05
4.672000e-05	4.672000e-05	4.681275e-05
4.673000e-05	4.673000e-05	4.678482e-05
4.674000e-05	4.674000e-05	4.675690e-05
4.675000e-05	4.675000e-05	4.680482e-05
4.676000e-05	4.676000e-05	4.685276e-05
4.677000e-05	4.677000e-05	4.682482e-05
4.678000e-05	4.678000e-05	4.679689e-05
4.679000e-05	4.679000e-05	4.684482e-05
4.680000e-05	4.680000e-05	4.689278e-05
4.681000e-05	4.681000e-05	4.686482e-05
4.682000e-05	4.682000e-05	4.683688e-05
4.683000e-05	4.683000e-05	4.688483e-05
4.684000e-05	4.684000e-05	4.693280e-05
4.685000e-05	4.685000e-05	4.690483e-05
4.686000e-05	4.686000e-05	4.687686e-05
4.687000e-05	4.687000e-05	4.692483e-05
4.688000e-05	4.688000e-05	4.697281e-05
4.689000e-05	4.689000e-05	4.694483e-05
4.690000e-05	4.690000e-05	4.691685e-05
4.691000e-05	4.691000e-05	4.696483e-05
4.692000e-05	4.692000e-05	4.701283e-05
4.693000e-05	4.693000e-05	4.698482e-05
4.694000e-05	4.694000e-05	4.695683e-05
4.695000e-05	4.695000e-05	4.700482e-05
4.696000e-05	4.696000e-05	4.705284e-05
4.697000e-05	4.697000e-05	4.702482e-05
4.698000e-05	4.698000e-05	4.699682e-05
4.699000e-05	4.699000e-05	4.704482e-05
4.700000e-05	4.700000e-05	4.709285e-05
4.701000e-05	4.701000e-05	4.706482e-05
4.702000e-05	4.702000e-05	4.703680e-05
4.703000e-05	4.703000e-05	4.708482e-05
4.704000e-05	4.704000e-05	4.713286e-05
4.705000e-05	4.705000e-05	4.710482e-05
4.706000e-05	4.706000e-05	4.707678e-05
4.707000e-05	4.707000e-05	4.712482e-05
4.708000e-05	4.708000e-05	4.717288e-05
4.709000e-05	4.709000e-05	4.714482e-05
4.710000e-05	4.710000e-05	4.711676e-05
4.711000e-05	4.711000e-05	4.716481e-05
4.712000e-05	4.712000e-05	4.721289e-05
4.713000e-05	4.713000e-05	4.718481e-05
4.714000e-05	4.714000e-05	4.715674e-05
4.715000e-05	4.715000e-05	4.720481e-05
4.716000e-05	4.716000e-05	4.725290e-05
4.717000e-05	4.717000e-05	4.722481e-05
4.718000e-05	4.718000e-05	4.719672e-05
4.719000e-05	4.719000e-05	4.724480e-05
4.720000e-05	4.720000e-05	4.729291e-05
4.721000e-05	4.721000e-05	4.726480e-05
4.722000e-05	4.722000e-05	4.723670e-05
4.723000e-05	4.723000e-05	4.728480e-05
4.724000e-05	4.724000e-05	4.733292e-05
4.725000e-05	4.725000e-05	4.730479e-05
4.726000e-05	4.726000e-05	4.727668e-05
4.727000e-05	4.727000e-05	4.732479e-05
4.728000e-05	4.728000e-05	4.737292e-05
4.729000e-05	4.729000e-05	4.734479e-05
4.730000e-05	4.730000e-05	4.731666e-05
4.731000e-05	4.731000e-05	4.736478e-05
4.732000e-05	4.732000e-05	4.741293e-05
4.733000e-05	4.733000e-05	4.738478e-05
4.734000e-05	4.734000e-05	4.735663e-05
4.735000e-05	4.735000e-05	4.740478e-05
4.736000e-05	4.736000e-05	4.745294e-05
4.737000e-05	4.737000e-05	4.742477e-05
4.738000e-05	4.738000e-05	4.739661e-05
4.739000e-05	4.739000e-05	4.744477e-05
4.740000e-05	4.740000e-05	4.749294e-05
4.741000e-05	4.741000e-05	4.746476e-05
4.742000e-05	4.742000e-05	4.743659e-05
4.743000e-05	4.743000e-05	4.748476e-05
4.744000e-05	4.744000e-05	4.753295e-05
4.745000e-05	4.745000e-05	4.750475e-05
4.746000e-05	4.746000e-05	4.747656e-05
4.747000e-05	4.747000e-05	4.752475e-05
4.748000e-05	4.748000e-05	4.757295e-05
4.749000e-05	4.749000e-05	4.754474e-05
4.750000e-05	4.750000e-05	4.751654e-05
4.751000e-05	4.751000e-05	4.756474e-05
4.752000e-05	4.752000e-05	4.761296e-05
4.753000e-05	4.753000e-05	4.758473e-05
4.754000e-05	4.754000e-05	4.755651e-05
4.755000e-05	4.755000e-05	4.760472e-05
4.756000e-05	4.756000e-05	4.765296e-05
4.757000e-05	4.757000e-05	4.762472e-05
4.758000e-05	4.758000e-05	4.759648e-05
4.759000e-05	4.759000e-05	4.764471e-05
4.760000e-05	4.760000e-05	4.769296e-05
4.761000e-05	4.761000e-05	4.766471e-05
4.762000e-05	4.762000e-05	4.763645e-05
4.763000e-05	4.763000e-05	4.768470e-05
4.764000e-05	4.764000e-05	4.773296e-05
4.765000e-05	4.765000e-05	4.770469e-05
4.766000e-05	4.766000e-05	4.767643e-05
4.767000e-05	4.767000e-05	4.772468e-05
4.768000e-05	4.768000e-05	4.777297e-05
4.769000e-05	4.769000e-05	4.774468e-05
4.770000e-05	4.770000e-05	4.771640e-05
4.771000e-05	4.771000e-05	4.776467e-05
4.772000e-05	4.772000e-05	4.781297e-05
4.773000e-05	4.773000e-05	4.778466e-05
4.774000e-05	4.774000e-05	4.775637e-05
4.775000e-05	4.775000e-05	4.780465e-05
4.776000e-05	4.776000e-05	4.785297e-05
4.777000e-05	4.777000e-05	4.782465e-05
4.778000e-05	4.778000e-05	4.779634e-05
4.779000e-05	4.779000e-05	4.784464e-05
4.780000e-05	4.780000e-05	4.789296e-05
4.781000e-05	4.781000e-05	4.786463e-05
4.782000e-05	4.782000e-05	4.783630e-05
4.783000e-05	4.783000e-05	4.788462e-05
4.784000e-05	4.784000e-05	4.793296e-05
4.785000e-05	4.785000e-05	4.790461e-05
4.786000e-05	4.786000e-05	4.787627e-05
4.787000e-05	4.787000e-05	4.792460e-05
4.788000e-05	4.788000e-05	4.797296e-05
4.789000e-05	4.789000e-05	4.794460e-05
4.790000e-05	4.790000e-05	4.791624e-05
4.791000e-05	4.791000e-05	4.796459e-05
4.792000e-05	4.792000e-05	4.801296e-05
4.793000e-05	4.793000e-05	4.798458e-05
4.794000e-05	4.794000e-05	4.795621e-05
4.795000e-05	4.795000e-05	4.800457e-05
4.796000e-05	4.796000e-05	4.805295e-05
4.797000e-05	4.797000e-05	4.802456e-05
4.798000e-05	4.798000e-05	4.799617e-05
4.799000e-05	4.799000e-05	4.804455e-05
4.800000e-05	4.800000e-05	4.809295e-05
4.801000e-05	4.801000e-05	4.806454e-05
4.802000e-05	4.802000e-05	4.803614e-05
4.803000e-05	4.803000e-05	4.808453e-05
4.804000e-05	4.804000e-05	4.813294e-05
4.805000e-05	4.805000e-05	4.810452e-05
4.806000e-05	4.806000e-05	4.807610e-05
4.807000e-05	4.807000e-05	4.812451e-05
4.808000e-05	4.808000e-05	4.817293e-05
4.809000e-05	4.809000e-05	4.814449e-05
4.810000e-05	4.810000e-05	4.811606e-05
4.811000e-05	4.811000e-05	4.816448e-05
4.812000e-05	4.812000e-05	4.821293e-05
4.813000e-05	4.813000e-05	4.818447e-05
4.814000e-05	4.814000e-05	4.815603e-05
4.815000e-05	4.815000e-05	4.820446e-05
4.816000e-05	4.816000e-05	4.825292e-05
4.817000e-05	4.817000e-05	4.822445e-05
4.818000e-05	4.818000e-05	4.819599e-05
4.819000e-05	4.819000e-05	4.824444e-05
4.820000e-05	4.820000e-05	4.829291e-05
4.821000e-05	4.821000e-05	4.826443e-05
4.822000e-05	4.822000e-05	4.823595e-05
4.823000e-05	4.823000e-05	4.828441e-05
4.824000e-05	4.824000e-05	4.833290e-05
4.825000e-05	4.825000e-05	4.830440e-05
4.826000e-05	4.826000e-05	4.827591e-05
4.827000e-05	4.827000e-05	4.832439e-05
4.828000e-05	4.828000e-05	4.837289e-05
4.829000e-05	4.829000e-05	4.834437e-05
4.830000e-05	4.830000e-05	4.831587e-05
4.831000e-05	4.831000e-05	4.836436e-05
4.832000e-05	4.832000e-05	4.841288e-05
4.833000e-05	4.833000e-05	4.838435e-05
4.834000e-05	4.834000e-05	4.835583e-05
4.835000e-05	4.835000e-05	4.840434e-05
4.836000e-05	4.836000e-05	4.845287e-05
4.837000e-05	4.837000e-05	4.842432e-05
4.838000e-05	4.838000e-05	4.839579e-05
4.839000e-05	4.839000e-05	4.844431e-05
4.840000e-05	4.840000e-05	4.849285e-05
4.841000e-05	4.841000e-05	4.846429e-05
4.842000e-05	4.842000e-05	4.843574e-05
4.843000e-05	4.843000e-05	4.848428e-05
4.844000e-05	4.844000e-05	4.853284e-05
4.845000e-05	4.845000e-05	4.850427e-05
4.846000e-05	4.846000e-05	4.847570e-05
4.847000e-05	4.847000e-05	4.852425e-05
4.848000e-05	4.848000e-05	4.857283e-05
4.849000e-05	4.849000e-05	4.854424e-05
4.850000e-05	4.850000e-05	4.851566e-05
4.851000e-05	4.851000e-05	4.856422e-05
4.852000e-05	4.852000e-05	4.861281e-05
4.853000e-05	4.853000e-05	4.858421e-05
4.854000e-05	4.854000e-05	4.855561e-05
4.855000e-05	4.855000e-05	4.860419e-05
4.856000e-05	4.856000e-05	4.865279e-05
4.857000e-05	4.857000e-05	4.862418e-05
4.858000e-05	4.858000e-05	4.859556e-05
4.859000e-05	4.859000e-05	4.864416e-05
4.860000e-05	4.860000e-05	4.869278e-05
4.861000e-05	4.861000e-05	4.866414e-05
4.862000e-05	4.862000e-05	4.863552e-05
4.863000e-05	4.863000e-05	4.868413e-05
4.864000e-05	4.864000e-05	4.873276e-05
4.865000e-05	4.865000e-05	4.870411e-05
4.866000e-05	4.866000e-05	4.867547e-05
4.867000e-05	4.867000e-05	4.872410e-05
4.868000e-05	4.868000e-05	4.877274e-05
4.869000e-05	4.869000e-05	4.874408e-05
4.870000e-05	4.870000e-05	4.871542e-05
4.871000e-05	4.871000e-05	4.876406e-05
4.872000e-05	4.872000e-05	4.881272e-05
4.873000e-05	4.873000e-05	4.878404e-05
4.874000e-05	4.874000e-05	4.875537e-05
4.875000e-05	4.875000e-05	4.880403e-05
4.876000e-05	4.876000e-05	4.885270e-05
4.877000e-05	4.877000e-05	4.882401e-05
4.878000e-05	4.878000e-05	4.879532e-05
4.879000e-05	4.879000e-05	4.884399e-05
4.880000e-05	4.880000e-05	4.889268e-05
4.881000e-05	4.881000e-05	4.886397e-05
4.882000e-05	4.882000e-05	4.883527e-05
4.883000e-05	4.883000e-05	4.888396e-05
4.884000e-05	4.884000e-05	4.893266e-05
4.885000e-05	4.885000e-05	4.890394e-05
4.886000e-05	4.886000e-05	4.887522e-05
4.887000e-05	4.887000e-05	4.892392e-05
4.888000e-05	4.888000e-05	4.897264e-05
4.889000e-05	4.889000e-05	4.894390e-05
4.890000e-05	4.890000e-05	4.891517e-05
4.891000e-05	4.891000e-05	4.896388e-05
4.892000e-05	4.892000e-05	4.901262e-05
4.893000e-05	4.893000e-05	4.898386e-05
4.894000e-05	4.894000e-05	4.895512e-05
4.895000e-05	4.895000e-05	4.900384e-05
4.896000e-05	4.896000e-05	4.905259e-05
4.897000e-05	4.897000e-05	4.902382e-05
4.898000e-05	4.898000e-05	4.899506e-05
4.899000e-05	4.899000e-05	4.904380e-05
4.900000e-05	4.900000e-05	4.909257e-05
4.901000e-05	4.901000e-05	4.906378e-05
4.902000e-05	4.902000e-05	4.903501e-05
4.903000e-05	4.903000e-05	4.908376e-05
4.904000e-05	4.904000e-05	4.913254e-05
4.905000e-05	4.905000e-05	4.910374e-05
4.906000e-05	4.906000e-05	4.907495e-05
4.907000e-05	4.907000e-05	4.912372e-05
4.908000e-05	4.908000e-05	4.917252e-05
4.909000e-05	4.909000e-05	4.914370e-05
4.910000e-05	4.910000e-05	4.911490e-05
4.911000e-05	4.911000e-05	4.916368e-05
4.912000e-05	4.912000e-05	4.921249e-05
4.913000e-05	4.913000e-05	4.918366e-05
4.914000e-05	4.914000e-05	4.915484e-05
4.915000e-05	4.915000e-05	4.920364e-05
4.916000e-05	4.916000e-05	4.925246e-05
4.917000e-05	4.917000e-05	4.922362e-05
4.918000e-05	4.918000e-05	4.919478e-05
4.919000e-05	4.919000e-05	4.924360e-05
4.920000e-05	4.920000e-05	4.929243e-05
4.921000e-05	4.921000e-05	4.926358e-05
4.922000e-05	4.922000e-05	4.923473e-05
4.923000e-05	4.923000e-05	4.928355e-05
4.924000e-05	4.924000e-05	4.933240e-05
4.925000e-05	4.925000e-05	4.930353e-05
4.926000e-05	4.926000e-05	4.927467e-05
4.927000e-05	4.927000e-05	4.932351e-05
4.928000e-05	4.928000e-05	4.937237e-05
4.929000e-05	4.929000e-05	4.934349e-05
4.930000e-05	4.930000e-05	4.931461e-05
4.931000e-05	4.931000e-05	4.936346e-05
4.932000e-05	4.932000e-05	4.941234e-05
4.933000e-05	4.933000e-05	4.938344e-05
4.934000e-05	4.934000e-05	4.935455e-05
4.935000e-05	4.935000e-05	4.940342e-05
4.936000e-05	4.936000e-05	4.945231e-05
4.937000e-05	4.937000e-05	4.942339e-05
4.938000e-05	4.938000e-05	4.939448e-05
4.939000e-05	4.939000e-05	4.944337e-05
4.940000e-05	4.940000e-05	4.949228e-05
4.941000e-05	4.941000e-05	4.946335e-05
4.942000e-05	4.942000e-05	4.943442e-05
4.943000e-05	4.943000e-05	4.948332e-05
4.944000e-05	4.944000e-05	4.953224e-05
4.945000e-05	4.945000e-05	4.950330e-05
4.946000e-05	4.946000e-05	4.947436e-05
4.947000e-05	4.947000e-05	4.952327e-05
4.948000e-05	4.948000e-05	4.957221e-05
4.949000e-05	4.949000e-05	4.954325e-05
4.950000e-05	4.950000e-05	4.951429e-05
4.951000e-05	4.951000e-05	4.956322e-05
4.952000e-05	4.952000e-05	4.961217e-05
4.953000e-05	4.953000e-05	4.958320e-05
4.954000e-05	4.954000e-05	4.955423e-05
4.955000e-05	4.955000e-05	4.960317e-05
4.956000e-05	4.956000e-05	4.965214e-05
4.957000e-05	4.957000e-05	4.962315e-05
4.958000e-05	4.958000e-05	4.959416e-05
4.959000e-05	4.959000e-05	4.964312e-05
4.960000e-05	4.960000e-05	4.969210e-05
4.961000e-05	4.961000e-05	4.966309e-05
4.962000e-05	4.962000e-05	4.963410e-05
4.963000e-05	4.963000e-05	4.968307e-05
4.964000e-05	4.964000e-05	4.973206e-05
4.965000e-05	4.965000e-05	4.970304e-05
4.966000e-05	4.966000e-05	4.967403e-05
4.967000e-05	4.967000e-05	4.972302e-05
4.968000e-05	4.968000e-05	4.977202e-05
4.969000e-05	4.969000e-05	4.974299e-05
4.970000e-05	4.970000e-05	4.971396e-05
4.971000e-05	4.971000e-05	4.976296e-05
4.972000e-05	4.972000e-05	4.981198e-05
4.973000e-05	4.973000e-05	4.978293e-05
4.974000e-05	4.974000e-05	4.975389e-05
4.975000e-05	4.975000e-05	4.980291e-05
4.976000e-05	4.976000e-05	4.985194e-05
4.977000e-05	4.977000e-05	4.982288e-05
4.978000e-05	4.978000e-05	4.979382e-05
4.979000e-05	4.979000e-05	4.984285e-05
4.980000e-05	4.980000e-05	4.989190e-05
4.981000e-05	4.981000e-05	4.986282e-05
4.982000e-05	4.982000e-05	4.983375e-05
4.983000e-05	4.983000e-05	4.988279e-05
4.984000e-05	4.984000e-05	4.993186e-05
4.985000e-05	4.985000e-05	4.990277e-05
4.986000e-05	4.986000e-05	4.987368e-05
4.987000e-05	4.987000e-05	4.992274e-05
4.988000e-05	4.988000e-05	4.997182e-05
4.989000e-05	4.989000e-05	4.994271e-05
4.990000e-05	4.990000e-05	4.991361e-05
4.991000e-05	4.991000e-05	4.996268e-05
4.992000e-05	4.992000e-05	5.001177e-05
4.993000e-05	4.993000e-05	4.998265e-05
4.994000e-05	4.994000e-05	4.995353e-05
4.995000e-05	4.995000e-05	5.000262e-05
4.996000e-05	4.996000e-05	5.005173e-05
4.997000e-05	4.997000e-05	5.002259e-05
4.998000e-05	4.998000e-05	4.999346e-05
4.999000e-05	4.999000e-05	5.004256e-05
5.000000e-05	5.000000e-05	5.009168e-05
5.001000e-05	5.001000e-05	5.006253e-05
5.002000e-05	5.002000e-05	5.003338e-05
5.003000e-05	5.003000e-05	5.008250e-05
5.004000e-05	5.004000e-05	5.013164e-05
5.005000e-05	5.005000e-05	5.010247e-05
5.006000e-05	5.006000e-05	5.007331e-05
5.007000e-05	5.007000e-05	5.012244e-05
5.008000e-05	5.008000e-05	5.017159e-05
5.009000e-05	5.009000e-05	5.014241e-05
5.010000e-05	5.010000e-05	5.011323e-05
5.011000e-05	5.011000e-05	5.016238e-05
5.012000e-05	5.012000e-05	5.021154e-05
5.013000e-05	5.013000e-05	5.018234e-05
5.014000e-05	5.014000e-05	5.015315e-05
5.015000e-05	5.015000e-05	5.020231e-05
5.016000e-05	5.016000e-05	5.025149e-05
5.017000e-05	5.017000e-05	5.022228e-05
5.018000e-05	5.018000e-05	5.019308e-05
5.019000e-05	5.019000e-05	5.024225e-05
5.020000e-05	5.020000e-05	5.029144e-05
5.021000e-05	5.021000e-05	5.026222e-05
5.022000e-05	5.022000e-05	5.023300e-05
5.023000e-05	5.023000e-05	5.028218e-05
5.024000e-05	5.024000e-05	5.033139e-05
5.025000e-05	5.025000e-05	5.030215e-05
5.026000e-05	5.026000e-05	5.027292e-05
5.027000e-05	5.027000e-05	5.032212e-05
5.028000e-05	5.028000e-05	5.037134e-05
5.029000e-05	5.029000e-05	5.034208e-05
5.030000e-05	5.030000e-05	5.031283e-05
5.031000e-05	5.031000e-05	5.036205e-05
5.032000e-05	5.032000e-05	5.041129e-05
5.033000e-05	5.033000e-05	5.038202e-05
5.034000e-05	5.034000e-05	5.035275e-05
5.035000e-05	5.035000e-05	5.040198e-05
5.036000e-05	5.036000e-05	5.045123e-05
5.037000e-05	5.037000e-05	5.042195e-05
5.038000e-05	5.038000e-05	5.039267e-05
5.039000e-05	5.039000e-05	5.044191e-05
5.040000e-05	5.040000e-05	5.049118e-05
5.041000e-05	5.041000e-05	5.046188e-05
5.042000e-05	5.042000e-05	5.043259e-05
5.043000e-05	5.043000e-05	5.048184e-05
5.044000e-05	5.044000e-05	5.053112e-05
5.045000e-05	5.045000e-05	5.050181e-05
5.046000e-05	5.046000e-05	5.047250e-05
5.047000e-05	5.047000e-05	5.052177e-05
5.048000e-05	5.048000e-05	5.057107e-05
5.049000e-05	5.049000e-05	5.054174e-05
5.050000e-05	5.050000e-05	5.051242e-05
5.051000e-05	5.051000e-05	5.056170e-05
5.052000e-05	5.052000e-05	5.061101e-05
5.053000e-05	5.053000e-05	5.058167e-05
5.054000e-05	5.054000e-05	5.055233e-05
5.055000e-05	5.055000e-05	5.060163e-05
5.056000e-05	5.056000e-05	5.065095e-05
5.057000e-05	5.057000e-05	5.062159e-05
5.058000e-05	5.058000e-05	5.059224e-05
5.059000e-05	5.059000e-05	5.064156e-05
5.060000e-05	5.060000e-05	5.069089e-05
5.061000e-05	5.061000e-05	5.066152e-05
5.062000e-05	5.062000e-05	5.063215e-05
5.063000e-05	5.063000e-05	5.068148e-05
5.064000e-05	5.064000e-05	5.073083e-05
5.065000e-05	5.065000e-05	5.070145e-05
5.066000e-05	5.066000e-05	5.067206e-05
5.067000e-05	5.067000e-05	5.072141e-05
5.068000e-05	5.068000e-05	5.077077e-05
5.069000e-05	5.069000e-05	5.074137e-05
5.070000e-05	5.070000e-05	5.071197e-05
5.071000e-05	5.071000e-05	5.076133e-05
5.072000e-05	5.072000e-05	5.081071e-05
5.073000e-05	5.073000e-05	5.078129e-05
5.074000e-05	5.074000e-05	5.075188e-05
5.075000e-05	5.075000e-05	5.080126e-05
5.076000e-05	5.076000e-05	5.085065e-05
5.077000e-05	5.077000e-05	5.082122e-05
5.078000e-05	5.078000e-05	5.079179e-05
5.079000e-05	5.079000e-05	5.084118e-05
5.080000e-05	5.080000e-05	5.089059e-05
5.081000e-05	5.081000e-05	5.086114e-05
5.082000e-05	5.082000e-05	5.083170e-05
5.083000e-05	5.083000e-05	5.088110e-05
5.084000e-05	5.084000e-05	5.093052e-05
5.085000e-05	5.085000e-05	5.090106e-05
5.086000e-05	5.086000e-05	5.087161e-05
5.087000e-05	5.087000e-05	5.092102e-05
5.088000e-05	5.088000e-05	5.097046e-05
5.089000e-05	5.089000e-05	5.094098e-05
5.090000e-05	5.090000e-05	5.091151e-05
5.091000e-05	5.091000e-05	5.096094e-05
5.092000e-05	5.092000e-05	5.101039e-05
5.093000e-05	5.093000e-05	5.098090e-05
5.094000e-05	5.094000e-05	5.095142e-05
5.095000e-05	5.095000e-05	5.100086e-05
5.096000e-05	5.096000e-05	5.105032e-05
5.097000e-05	5.097000e-05	5.102082e-05
5.098000e-05	5.098000e-05	5.099132e-05
5.099000e-05	5.099000e-05	5.104078e-05
5.100000e-05	5.100000e-05	5.109025e-05
5.101000e-05	5.101000e-05	5.106073e-05
5.102000e-05	5.102000e-05	5.103122e-05
5.103000e-05	5.103000e-05	5.108069e-05
5.104000e-05	5.104000e-05	5.113019e-05
5.105000e-05	5.105000e-05	5.110065e-05
5.106000e-05	5.106000e-05	5.107112e-05
5.107000e-05	5.107000e-05	5.112061e-05
5.108000e-05	5.108000e-05	5.117012e-05
5.109000e-05	5.109000e-05	5.114057e-05
5.110000e-05	5.110000e-05	5.111102e-05
5.111000e-05	5.111000e-05	5.116052e-05
5.112000e-05	5.112000e-05	5.121004e-05
5.113000e-05	5.113000e-05	5.118048e-05
5.114000e-05	5.114000e-05	5.115092e-05
5.115000e-05	5.115000e-05	5.120044e-05
5.116000e-05	5.116000e-05	5.124997e-05
5.117000e-05	5.117000e-05	5.122039e-05
5.118000e-05	5.118000e-05	5.119082e-05
5.119000e-05	5.119000e-05	5.124035e-05
5.120000e-05	5.120000e-05	5.128990e-05
5.121000e-05	5.121000e-05	5.126031e-05
5.122000e-05	5.122000e-05	5.123072e-05
5.123000e-05	5.123000e-05	5.128026e-05
5.124000e-05	5.124000e-05	5.132983e-05
5.125000e-05	5.125000e-05	5.130022e-05
5.126000e-05	5.126000e-05	5.127062e-05
5.127000e-05	5.127000e-05	5.132017e-05
5.128000e-05	5.128000e-05	5.136975e-05
5.129000e-05	5.129000e-05	5.134013e-05
5.130000e-05	5.130000e-05	5.131051e-05
5.131000e-05	5.131000e-05	5.136008e-05
5.132000e-05	5.132000e-05	5.140968e-05
5.133000e-05	5.133000e-05	5.138004e-05
5.134000e-05	5.134000e-05	5.135041e-05
5.135000e-05	5.135000e-05	5.139999e-05
5.136000e-05	5.136000e-05	5.144960e-05
5.137000e-05	5.137000e-05	5.141995e-05
5.138000e-05	5.138000e-05	5.139030e-05
5.139000e-05	5.139000e-05	5.143990e-05
5.140000e-05	5.140000e-05	5.148952e-05
5.141000e-05	5.141000e-05	5.145985e-05
5.142000e-05	5.142000e-05	5.143020e-05
5.143000e-05	5.143000e-05	5.147981e-05
5.144000e-05	5.144000e-05	5.152944e-05
5.145000e-05	5.145000e-05	5.149976e-05
5.146000e-05	5.146000e-05	5.147009e-05
5.147000e-05	5.147000e-05	5.151971e-05
5.148000e-05	5.148000e-05	5.156936e-05
5.149000e-05	5.149000e-05	5.153967e-05
5.150000e-05	5.150000e-05	5.150998e-05
5.151000e-05	5.151000e-05	5.155962e-05
5.152000e-05	5.152000e-05	5.160928e-05
5.153000e-05	5.153000e-05	5.157957e-05
5.154000e-05	5.154000e-05	5.154987e-05
5.155000e-05	5.155000e-05	5.159952e-05
5.156000e-05	5.156000e-05	5.164920e-05
5.157000e-05	5.157000e-05	5.161948e-05
5.158000e-05	5.158000e-05	5.158976e-05
5.159000e-05	5.159000e-05	5.163943e-05
5.160000e-05	5.160000e-05	5.168912e-05
5.161000e-05	5.161000e-05	5.165938e-05
5.162000e-05	5.162000e-05	5.162965e-05
5.163000e-05	5.163000e-05	5.167933e-05
5.164000e-05	5.164000e-05	5.172903e-05
5.165000e-05	5.165000e-05	5.169928e-05
5.166000e-05	5.166000e-05	5.166954e-05
5.167000e-05	5.167000e-05	5.171923e-05
5.168000e-05	5.168000e-05	5.176895e-05
5.169000e-05	5.169000e-05	5.173918e-05
5.170000e-05	5.170000e-05	5.170942e-05
5.171000e-05	5.171000e-05	5.175913e-05
5.172000e-05	5.172000e-05	5.180886e-05
5.173000e-05	5.173000e-05	5.177908e-05
5.174000e-05	5.174000e-05	5.174931e-05
5.175000e-05	5.175000e-05	5.179903e-05
5.176000e-05	5.176000e-05	5.184878e-05
5.177000e-05	5.177000e-05	5.181898e-05
5.178000e-05	5.178000e-05	5.178919e-05
5.179000e-05	5.179000e-05	5.183893e-05
5.180000e-05	5.180000e-05	5.188869e-05
5.181000e-05	5.181000e-05	5.185888e-05
5.182000e-05	5.182000e-05	5.182907e-05
5.183000e-05	5.183000e-05	5.187883e-05
5.184000e-05	5.184000e-05	5.192860e-05
5.185000e-05	5.185000e-05	5.189878e-05
5.186000e-05	5.186000e-05	5.186896e-05
5.187000e-05	5.187000e-05	5.191872e-05
5.188000e-05	5.188000e-05	5.196851e-05
5.189000e-05	5.189000e-05	5.193867e-05
5.190000e-05	5.190000e-05	5.190884e-05
5.191000e-05	5.191000e-05	5.195862e-05
5.192000e-05	5.192000e-05	5.200842e-05
5.193000e-05	5.193000e-05	5.197857e-05
5.194000e-05	5.194000e-05	5.194872e-05
5.195000e-05	5.195000e-05	5.199851e-05
5.196000e-05	5.196000e-05	5.204833e-05
5.197000e-05	5.197000e-05	5.201846e-05
5.198000e-05	5.198000e-05	5.198860e-05
5.199000e-05	5.199000e-05	5.203841e-05
