sweep (current)	sweep (current)	id(m1a) (current)
0.000000e+00	0.000000e+00	-4.514976e-29
1.000000e-02	1.000000e-02	2.163256e-06
2.000000e-02	2.000000e-02	4.257991e-06
3.000000e-02	3.000000e-02	6.284585e-06
4.000000e-02	4.000000e-02	8.243348e-06
5.000000e-02	5.000000e-02	1.013468e-05
6.000000e-02	6.000000e-02	1.195898e-05
7.000000e-02	7.000000e-02	1.371668e-05
8.000000e-02	8.000000e-02	1.540826e-05
9.000000e-02	9.000000e-02	1.703420e-05
1.000000e-01	1.000000e-01	1.859502e-05
1.100000e-01	1.100000e-01	2.009130e-05
1.200000e-01	1.200000e-01	2.152362e-05
1.300000e-01	1.300000e-01	2.289262e-05
1.400000e-01	1.400000e-01	2.419896e-05
1.500000e-01	1.500000e-01	2.544336e-05
1.600000e-01	1.600000e-01	2.662657e-05
1.700000e-01	1.700000e-01	2.774937e-05
1.800000e-01	1.800000e-01	2.881259e-05
1.900000e-01	1.900000e-01	2.981712e-05
2.000000e-01	2.000000e-01	3.076386e-05
2.100000e-01	2.100000e-01	3.165377e-05
2.200000e-01	2.200000e-01	3.248784e-05
2.300000e-01	2.300000e-01	3.326714e-05
2.400000e-01	2.400000e-01	3.399272e-05
2.500000e-01	2.500000e-01	3.466573e-05
2.600000e-01	2.600000e-01	3.528735e-05
2.700000e-01	2.700000e-01	3.585881e-05
2.800000e-01	2.800000e-01	3.638140e-05
2.900000e-01	2.900000e-01	3.685651e-05
3.000000e-01	3.000000e-01	3.728562e-05
3.100000e-01	3.100000e-01	3.767034e-05
3.200000e-01	3.200000e-01	3.801244e-05
3.300000e-01	3.300000e-01	3.831390e-05
3.400000e-01	3.400000e-01	3.857693e-05
3.500000e-01	3.500000e-01	3.880403e-05
3.600000e-01	3.600000e-01	3.899798e-05
3.700000e-01	3.700000e-01	3.916183e-05
3.800000e-01	3.800000e-01	3.929883e-05
3.900000e-01	3.900000e-01	3.937983e-05
4.000000e-01	4.000000e-01	3.950584e-05
4.100000e-01	4.100000e-01	3.959087e-05
4.200000e-01	4.200000e-01	3.964186e-05
4.300000e-01	4.300000e-01	3.966498e-05
4.400000e-01	4.400000e-01	3.973739e-05
4.500000e-01	4.500000e-01	3.979164e-05
4.600000e-01	4.600000e-01	3.983134e-05
4.700000e-01	4.700000e-01	3.982369e-05
4.800000e-01	4.800000e-01	3.984355e-05
4.900000e-01	4.900000e-01	3.985592e-05
5.000000e-01	5.000000e-01	3.986226e-05
5.100000e-01	5.100000e-01	3.986369e-05
5.200000e-01	5.200000e-01	3.989793e-05
5.300000e-01	5.300000e-01	3.992892e-05
5.400000e-01	5.400000e-01	3.991576e-05
5.500000e-01	5.500000e-01	3.990035e-05
5.600000e-01	5.600000e-01	3.992992e-05
5.700000e-01	5.700000e-01	3.995792e-05
5.800000e-01	5.800000e-01	3.994149e-05
5.900000e-01	5.900000e-01	3.992392e-05
6.000000e-01	6.000000e-01	3.995122e-05
6.100000e-01	6.100000e-01	3.997768e-05
6.200000e-01	6.200000e-01	3.995957e-05
6.300000e-01	6.300000e-01	3.994083e-05
6.400000e-01	6.400000e-01	3.996690e-05
6.500000e-01	6.500000e-01	3.999250e-05
6.600000e-01	6.600000e-01	3.997345e-05
6.700000e-01	6.700000e-01	3.995402e-05
6.800000e-01	6.800000e-01	3.997938e-05
6.900000e-01	6.900000e-01	4.000446e-05
7.000000e-01	7.000000e-01	3.998483e-05
7.100000e-01	7.100000e-01	3.996497e-05
7.200000e-01	7.200000e-01	3.998990e-05
7.300000e-01	7.300000e-01	4.001464e-05
7.400000e-01	7.400000e-01	3.999465e-05
7.500000e-01	7.500000e-01	3.997450e-05
7.600000e-01	7.600000e-01	3.999914e-05
7.700000e-01	7.700000e-01	4.002366e-05
7.800000e-01	7.800000e-01	4.000342e-05
7.900000e-01	7.900000e-01	3.998307e-05
8.000000e-01	8.000000e-01	4.000752e-05
8.100000e-01	8.100000e-01	4.003189e-05
8.200000e-01	8.200000e-01	4.001147e-05
8.300000e-01	8.300000e-01	3.999098e-05
8.400000e-01	8.400000e-01	4.001529e-05
8.500000e-01	8.500000e-01	4.003955e-05
8.600000e-01	8.600000e-01	4.001901e-05
8.700000e-01	8.700000e-01	3.999841e-05
8.800000e-01	8.800000e-01	4.002262e-05
8.900000e-01	8.900000e-01	4.004680e-05
9.000000e-01	9.000000e-01	4.002616e-05
9.100000e-01	9.100000e-01	4.000548e-05
9.200000e-01	9.200000e-01	4.002962e-05
9.300000e-01	9.300000e-01	4.005373e-05
9.400000e-01	9.400000e-01	4.003302e-05
9.500000e-01	9.500000e-01	4.001228e-05
9.600000e-01	9.600000e-01	4.003637e-05
9.700000e-01	9.700000e-01	4.006043e-05
9.800000e-01	9.800000e-01	4.003967e-05
9.900000e-01	9.900000e-01	4.001887e-05
0.000000e+00	0.000000e+00	6.543567e-19
1.000000e-02	1.000000e-02	2.337153e-06
2.000000e-02	2.000000e-02	4.605143e-06
3.000000e-02	3.000000e-02	6.804240e-06
4.000000e-02	4.000000e-02	8.934736e-06
5.000000e-02	5.000000e-02	1.099694e-05
6.000000e-02	6.000000e-02	1.299116e-05
7.000000e-02	7.000000e-02	1.491775e-05
8.000000e-02	8.000000e-02	1.677706e-05
9.000000e-02	9.000000e-02	1.856946e-05
1.000000e-01	1.000000e-01	2.029536e-05
1.100000e-01	1.100000e-01	2.195515e-05
1.200000e-01	1.200000e-01	2.354928e-05
1.300000e-01	1.300000e-01	2.507819e-05
1.400000e-01	1.400000e-01	2.654237e-05
1.500000e-01	1.500000e-01	2.794229e-05
1.600000e-01	1.600000e-01	2.927847e-05
1.700000e-01	1.700000e-01	3.055145e-05
1.800000e-01	1.800000e-01	3.176179e-05
1.900000e-01	1.900000e-01	3.291006e-05
2.000000e-01	2.000000e-01	3.399686e-05
2.100000e-01	2.100000e-01	3.502282e-05
2.200000e-01	2.200000e-01	3.598860e-05
2.300000e-01	2.300000e-01	3.689489e-05
2.400000e-01	2.400000e-01	3.774240e-05
2.500000e-01	2.500000e-01	3.853190e-05
2.600000e-01	2.600000e-01	3.926423e-05
2.700000e-01	2.700000e-01	3.994028e-05
2.800000e-01	2.800000e-01	4.056103e-05
2.900000e-01	2.900000e-01	4.112761e-05
3.000000e-01	3.000000e-01	4.164127e-05
3.100000e-01	3.100000e-01	4.210349e-05
3.200000e-01	3.200000e-01	4.251598e-05
3.300000e-01	3.300000e-01	4.288075e-05
3.400000e-01	3.400000e-01	4.320018e-05
3.500000e-01	3.500000e-01	4.347701e-05
3.600000e-01	3.600000e-01	4.371440e-05
3.700000e-01	3.700000e-01	4.391585e-05
3.800000e-01	3.800000e-01	4.405462e-05
3.900000e-01	3.900000e-01	4.422631e-05
4.000000e-01	4.000000e-01	4.435024e-05
4.100000e-01	4.100000e-01	4.443373e-05
4.200000e-01	4.200000e-01	4.451842e-05
4.300000e-01	4.300000e-01	4.457535e-05
4.400000e-01	4.400000e-01	4.460965e-05
4.500000e-01	4.500000e-01	4.468158e-05
4.600000e-01	4.600000e-01	4.473877e-05
4.700000e-01	4.700000e-01	4.474952e-05
4.800000e-01	4.800000e-01	4.475070e-05
4.900000e-01	4.900000e-01	4.479800e-05
5.000000e-01	5.000000e-01	4.483904e-05
5.100000e-01	5.100000e-01	4.483368e-05
5.200000e-01	5.200000e-01	4.482412e-05
5.300000e-01	5.300000e-01	4.486086e-05
5.400000e-01	5.400000e-01	4.489475e-05
5.500000e-01	5.500000e-01	4.488222e-05
5.600000e-01	5.600000e-01	4.486768e-05
5.700000e-01	5.700000e-01	4.489952e-05
5.800000e-01	5.800000e-01	4.492994e-05
5.900000e-01	5.900000e-01	4.491391e-05
6.000000e-01	6.000000e-01	4.489682e-05
6.100000e-01	6.100000e-01	4.492617e-05
6.200000e-01	6.200000e-01	4.495473e-05
6.300000e-01	6.300000e-01	4.493683e-05
6.400000e-01	6.400000e-01	4.491831e-05
6.500000e-01	6.500000e-01	4.494627e-05
6.600000e-01	6.600000e-01	4.497378e-05
6.700000e-01	6.700000e-01	4.495478e-05
6.800000e-01	6.800000e-01	4.493541e-05
6.900000e-01	6.900000e-01	4.496254e-05
7.000000e-01	7.000000e-01	4.498939e-05
7.100000e-01	7.100000e-01	4.496972e-05
7.200000e-01	7.200000e-01	4.494981e-05
7.300000e-01	7.300000e-01	4.497641e-05
7.400000e-01	7.400000e-01	4.500283e-05
7.500000e-01	7.500000e-01	4.498272e-05
7.600000e-01	7.600000e-01	4.496244e-05
7.700000e-01	7.700000e-01	4.498870e-05
7.800000e-01	7.800000e-01	4.501483e-05
7.900000e-01	7.900000e-01	4.499441e-05
8.000000e-01	8.000000e-01	4.497388e-05
8.100000e-01	8.100000e-01	4.499990e-05
8.200000e-01	8.200000e-01	4.502583e-05
8.300000e-01	8.300000e-01	4.500519e-05
8.400000e-01	8.400000e-01	4.498448e-05
8.500000e-01	8.500000e-01	4.501032e-05
8.600000e-01	8.600000e-01	4.503610e-05
8.700000e-01	8.700000e-01	4.501531e-05
8.800000e-01	8.800000e-01	4.499446e-05
8.900000e-01	8.900000e-01	4.502017e-05
9.000000e-01	9.000000e-01	4.504584e-05
9.100000e-01	9.100000e-01	4.502493e-05
9.200000e-01	9.200000e-01	4.500397e-05
9.300000e-01	9.300000e-01	4.502960e-05
9.400000e-01	9.400000e-01	4.505518e-05
9.500000e-01	9.500000e-01	4.503418e-05
9.600000e-01	9.600000e-01	4.501314e-05
9.700000e-01	9.700000e-01	4.503869e-05
9.800000e-01	9.800000e-01	4.506421e-05
9.900000e-01	9.900000e-01	4.504313e-05
0.000000e+00	0.000000e+00	1.371726e-17
1.000000e-02	1.000000e-02	2.531864e-06
2.000000e-02	2.000000e-02	4.992746e-06
3.000000e-02	3.000000e-02	7.382815e-06
4.000000e-02	4.000000e-02	9.702256e-06
5.000000e-02	5.000000e-02	1.195126e-05
6.000000e-02	6.000000e-02	1.413002e-05
7.000000e-02	7.000000e-02	1.623875e-05
8.000000e-02	8.000000e-02	1.827766e-05
9.000000e-02	9.000000e-02	2.024698e-05
1.000000e-01	1.000000e-01	2.214695e-05
1.100000e-01	1.100000e-01	2.397780e-05
1.200000e-01	1.200000e-01	2.573980e-05
1.300000e-01	1.300000e-01	2.743321e-05
1.400000e-01	1.400000e-01	2.905830e-05
1.500000e-01	1.500000e-01	3.061536e-05
1.600000e-01	1.600000e-01	3.210469e-05
1.700000e-01	1.700000e-01	3.352660e-05
1.800000e-01	1.800000e-01	3.488141e-05
1.900000e-01	1.900000e-01	3.616947e-05
2.000000e-01	2.000000e-01	3.739114e-05
2.100000e-01	2.100000e-01	3.854679e-05
2.200000e-01	2.200000e-01	3.963685e-05
2.300000e-01	2.300000e-01	4.066177e-05
2.400000e-01	2.400000e-01	4.162203e-05
2.500000e-01	2.500000e-01	4.251820e-05
2.600000e-01	2.600000e-01	4.335090e-05
2.700000e-01	2.700000e-01	4.412087e-05
2.800000e-01	2.800000e-01	4.482896e-05
2.900000e-01	2.900000e-01	4.547620e-05
3.000000e-01	3.000000e-01	4.606381e-05
3.100000e-01	3.100000e-01	4.659330e-05
3.200000e-01	3.200000e-01	4.706649e-05
3.300000e-01	3.300000e-01	4.748557e-05
3.400000e-01	3.400000e-01	4.785317e-05
3.500000e-01	3.500000e-01	4.817240e-05
3.600000e-01	3.600000e-01	4.844682e-05
3.700000e-01	3.700000e-01	4.865230e-05
3.800000e-01	3.800000e-01	4.887743e-05
3.900000e-01	3.900000e-01	4.904808e-05
4.000000e-01	4.000000e-01	4.917168e-05
4.100000e-01	4.100000e-01	4.929301e-05
4.200000e-01	4.200000e-01	4.938091e-05
4.300000e-01	4.300000e-01	4.944120e-05
4.400000e-01	4.400000e-01	4.952911e-05
4.500000e-01	4.500000e-01	4.959864e-05
4.600000e-01	4.600000e-01	4.965329e-05
4.700000e-01	4.700000e-01	4.966548e-05
4.800000e-01	4.800000e-01	4.969759e-05
4.900000e-01	4.900000e-01	4.972175e-05
5.000000e-01	5.000000e-01	4.973944e-05
5.100000e-01	5.100000e-01	4.975183e-05
5.200000e-01	5.200000e-01	4.975985e-05
5.300000e-01	5.300000e-01	4.980315e-05
5.400000e-01	5.400000e-01	4.984347e-05
5.500000e-01	5.500000e-01	4.982994e-05
5.600000e-01	5.600000e-01	4.981427e-05
5.700000e-01	5.700000e-01	4.985170e-05
5.800000e-01	5.800000e-01	4.988762e-05
5.900000e-01	5.900000e-01	4.986986e-05
6.000000e-01	6.000000e-01	4.985096e-05
6.100000e-01	6.100000e-01	4.988535e-05
6.200000e-01	6.200000e-01	4.991891e-05
6.300000e-01	6.300000e-01	4.989885e-05
6.400000e-01	6.400000e-01	4.987814e-05
6.500000e-01	6.500000e-01	4.991082e-05
6.600000e-01	6.600000e-01	4.994300e-05
6.700000e-01	6.700000e-01	4.992160e-05
6.800000e-01	6.800000e-01	4.989980e-05
6.900000e-01	6.900000e-01	4.993145e-05
7.000000e-01	7.000000e-01	4.996279e-05
7.100000e-01	7.100000e-01	4.994054e-05
7.200000e-01	7.200000e-01	4.991804e-05
7.300000e-01	7.300000e-01	4.994903e-05
7.400000e-01	7.400000e-01	4.997982e-05
7.500000e-01	7.500000e-01	4.995702e-05
7.600000e-01	7.600000e-01	4.993404e-05
7.700000e-01	7.700000e-01	4.996459e-05
7.800000e-01	7.800000e-01	4.999500e-05
7.900000e-01	7.900000e-01	4.997182e-05
8.000000e-01	8.000000e-01	4.994852e-05
8.100000e-01	8.100000e-01	4.997876e-05
8.200000e-01	8.200000e-01	5.000891e-05
8.300000e-01	8.300000e-01	4.998546e-05
8.400000e-01	8.400000e-01	4.996191e-05
8.500000e-01	8.500000e-01	4.999194e-05
8.600000e-01	8.600000e-01	5.002189e-05
8.700000e-01	8.700000e-01	4.999824e-05
8.800000e-01	8.800000e-01	4.997452e-05
8.900000e-01	8.900000e-01	5.000438e-05
9.000000e-01	9.000000e-01	5.003419e-05
9.100000e-01	9.100000e-01	5.001038e-05
9.200000e-01	9.200000e-01	4.998653e-05
9.300000e-01	9.300000e-01	5.001627e-05
9.400000e-01	9.400000e-01	5.004597e-05
9.500000e-01	9.500000e-01	5.002204e-05
9.600000e-01	9.600000e-01	4.999808e-05
9.700000e-01	9.700000e-01	5.002773e-05
9.800000e-01	9.800000e-01	5.005734e-05
9.900000e-01	9.900000e-01	5.003332e-05
