sweep (current)	sweep (current)	id(m1a) (current)
0.000000e+00	0.000000e+00	1.105400e-19
1.000000e-02	1.000000e-02	2.389029e-06
2.000000e-02	2.000000e-02	4.693476e-06
3.000000e-02	3.000000e-02	6.913850e-06
4.000000e-02	4.000000e-02	9.050592e-06
5.000000e-02	5.000000e-02	1.110426e-05
6.000000e-02	6.000000e-02	1.307543e-05
7.000000e-02	7.000000e-02	1.496473e-05
8.000000e-02	8.000000e-02	1.677286e-05
9.000000e-02	9.000000e-02	1.850053e-05
1.000000e-01	1.000000e-01	2.014855e-05
1.100000e-01	1.100000e-01	2.171778e-05
1.200000e-01	1.200000e-01	2.320913e-05
1.300000e-01	1.300000e-01	2.462360e-05
1.400000e-01	1.400000e-01	2.596224e-05
1.500000e-01	1.500000e-01	2.722620e-05
1.600000e-01	1.600000e-01	2.841668e-05
1.700000e-01	1.700000e-01	2.953499e-05
1.800000e-01	1.800000e-01	3.058247e-05
1.900000e-01	1.900000e-01	3.156059e-05
2.000000e-01	2.000000e-01	3.247086e-05
2.100000e-01	2.100000e-01	3.331490e-05
2.200000e-01	2.200000e-01	3.409438e-05
2.300000e-01	2.300000e-01	3.481105e-05
2.400000e-01	2.400000e-01	3.546675e-05
2.500000e-01	2.500000e-01	3.606341e-05
2.600000e-01	2.600000e-01	3.660302e-05
2.700000e-01	2.700000e-01	3.708770e-05
2.800000e-01	2.800000e-01	3.751971e-05
2.900000e-01	2.900000e-01	3.790144e-05
3.000000e-01	3.000000e-01	3.823553e-05
3.100000e-01	3.100000e-01	3.852484e-05
3.200000e-01	3.200000e-01	3.877254e-05
3.300000e-01	3.300000e-01	3.898211e-05
3.400000e-01	3.400000e-01	3.915731e-05
3.500000e-01	3.500000e-01	3.930215e-05
3.600000e-01	3.600000e-01	3.942070e-05
3.700000e-01	3.700000e-01	3.948048e-05
3.800000e-01	3.800000e-01	3.959492e-05
3.900000e-01	3.900000e-01	3.966894e-05
4.000000e-01	4.000000e-01	3.971031e-05
4.100000e-01	4.100000e-01	3.972560e-05
4.200000e-01	4.200000e-01	3.978264e-05
4.300000e-01	4.300000e-01	3.982333e-05
4.400000e-01	4.400000e-01	3.985110e-05
4.500000e-01	4.500000e-01	3.986864e-05
4.600000e-01	4.600000e-01	3.987803e-05
4.700000e-01	4.700000e-01	3.988091e-05
4.800000e-01	4.800000e-01	3.987854e-05
4.900000e-01	4.900000e-01	3.987193e-05
5.000000e-01	5.000000e-01	3.991176e-05
5.100000e-01	5.100000e-01	3.994877e-05
5.200000e-01	5.200000e-01	3.992658e-05
5.300000e-01	5.300000e-01	3.990244e-05
5.400000e-01	5.400000e-01	3.993854e-05
5.500000e-01	5.500000e-01	3.997327e-05
5.600000e-01	5.600000e-01	3.994845e-05
5.700000e-01	5.700000e-01	3.992262e-05
5.800000e-01	5.800000e-01	3.995690e-05
5.900000e-01	5.900000e-01	3.999045e-05
6.000000e-01	6.000000e-01	3.996426e-05
6.100000e-01	6.100000e-01	3.993751e-05
6.200000e-01	6.200000e-01	3.997081e-05
6.300000e-01	6.300000e-01	4.000368e-05
6.400000e-01	6.400000e-01	3.997671e-05
6.500000e-01	6.500000e-01	3.994941e-05
6.600000e-01	6.600000e-01	3.998213e-05
6.700000e-01	6.700000e-01	4.001459e-05
6.800000e-01	6.800000e-01	3.998715e-05
6.900000e-01	6.900000e-01	3.995949e-05
7.000000e-01	7.000000e-01	3.999185e-05
7.100000e-01	7.100000e-01	4.002405e-05
7.200000e-01	7.200000e-01	3.999630e-05
7.300000e-01	7.300000e-01	3.996841e-05
7.400000e-01	7.400000e-01	4.000054e-05
7.500000e-01	7.500000e-01	4.003256e-05
7.600000e-01	7.600000e-01	4.000460e-05
7.700000e-01	7.700000e-01	3.997654e-05
7.800000e-01	7.800000e-01	4.000851e-05
7.900000e-01	7.900000e-01	4.004040e-05
8.000000e-01	8.000000e-01	4.001229e-05
8.100000e-01	8.100000e-01	3.998412e-05
8.200000e-01	8.200000e-01	4.001597e-05
8.300000e-01	8.300000e-01	4.004778e-05
8.400000e-01	8.400000e-01	4.001956e-05
8.500000e-01	8.500000e-01	3.999129e-05
8.600000e-01	8.600000e-01	4.002307e-05
8.700000e-01	8.700000e-01	4.005481e-05
8.800000e-01	8.800000e-01	4.002651e-05
8.900000e-01	8.900000e-01	3.999817e-05
9.000000e-01	9.000000e-01	4.002989e-05
9.100000e-01	9.100000e-01	4.006158e-05
9.200000e-01	9.200000e-01	4.003321e-05
9.300000e-01	9.300000e-01	4.000482e-05
9.400000e-01	9.400000e-01	4.003649e-05
9.500000e-01	9.500000e-01	4.006815e-05
9.600000e-01	9.600000e-01	4.003973e-05
9.700000e-01	9.700000e-01	4.001129e-05
9.800000e-01	9.800000e-01	4.004293e-05
9.900000e-01	9.900000e-01	4.007456e-05
0.000000e+00	0.000000e+00	-1.833318e-36
1.000000e-02	1.000000e-02	2.568351e-06
2.000000e-02	2.000000e-02	5.051788e-06
3.000000e-02	3.000000e-02	7.450807e-06
4.000000e-02	4.000000e-02	9.765747e-06
5.000000e-02	5.000000e-02	1.199710e-05
6.000000e-02	6.000000e-02	1.414536e-05
7.000000e-02	7.000000e-02	1.621106e-05
8.000000e-02	8.000000e-02	1.819475e-05
9.000000e-02	9.000000e-02	2.009703e-05
1.000000e-01	1.000000e-01	2.191854e-05
1.100000e-01	1.100000e-01	2.365994e-05
1.200000e-01	1.200000e-01	2.532193e-05
1.300000e-01	1.300000e-01	2.690528e-05
1.400000e-01	1.400000e-01	2.841077e-05
1.500000e-01	1.500000e-01	2.983922e-05
1.600000e-01	1.600000e-01	3.119151e-05
1.700000e-01	1.700000e-01	3.246856e-05
1.800000e-01	1.800000e-01	3.367132e-05
1.900000e-01	1.900000e-01	3.480079e-05
2.000000e-01	2.000000e-01	3.585803e-05
2.100000e-01	2.100000e-01	3.684413e-05
2.200000e-01	2.200000e-01	3.776026e-05
2.300000e-01	2.300000e-01	3.860763e-05
2.400000e-01	2.400000e-01	3.938754e-05
2.500000e-01	2.500000e-01	4.010141e-05
2.600000e-01	2.600000e-01	4.075076e-05
2.700000e-01	2.700000e-01	4.133730e-05
2.800000e-01	2.800000e-01	4.186292e-05
2.900000e-01	2.900000e-01	4.232982e-05
3.000000e-01	3.000000e-01	4.274052e-05
3.100000e-01	3.100000e-01	4.309797e-05
3.200000e-01	3.200000e-01	4.340555e-05
3.300000e-01	3.300000e-01	4.366715e-05
3.400000e-01	3.400000e-01	4.388708e-05
3.500000e-01	3.500000e-01	4.406999e-05
3.600000e-01	3.600000e-01	4.422070e-05
3.700000e-01	3.700000e-01	4.431347e-05
3.800000e-01	3.800000e-01	4.444443e-05
3.900000e-01	3.900000e-01	4.453536e-05
4.000000e-01	4.000000e-01	4.459379e-05
4.100000e-01	4.100000e-01	4.462612e-05
4.200000e-01	4.200000e-01	4.469086e-05
4.300000e-01	4.300000e-01	4.473902e-05
4.400000e-01	4.400000e-01	4.477400e-05
4.500000e-01	4.500000e-01	4.479846e-05
4.600000e-01	4.600000e-01	4.481449e-05
4.700000e-01	4.700000e-01	4.482375e-05
4.800000e-01	4.800000e-01	4.482753e-05
4.900000e-01	4.900000e-01	4.482684e-05
5.000000e-01	5.000000e-01	4.486624e-05
5.100000e-01	5.100000e-01	4.490264e-05
5.200000e-01	5.200000e-01	4.488682e-05
5.300000e-01	5.300000e-01	4.486890e-05
5.400000e-01	5.400000e-01	4.490349e-05
5.500000e-01	5.500000e-01	4.493659e-05
5.600000e-01	5.600000e-01	4.491735e-05
5.700000e-01	5.700000e-01	4.489703e-05
5.800000e-01	5.800000e-01	4.492920e-05
5.900000e-01	5.900000e-01	4.496057e-05
6.000000e-01	6.000000e-01	4.493953e-05
6.100000e-01	6.100000e-01	4.491787e-05
6.200000e-01	6.200000e-01	4.494871e-05
6.300000e-01	6.300000e-01	4.497909e-05
6.400000e-01	6.400000e-01	4.495701e-05
6.500000e-01	6.500000e-01	4.493456e-05
6.600000e-01	6.600000e-01	4.496462e-05
6.700000e-01	6.700000e-01	4.499439e-05
6.800000e-01	6.800000e-01	4.497167e-05
6.900000e-01	6.900000e-01	4.494870e-05
7.000000e-01	7.000000e-01	4.497827e-05
7.100000e-01	7.100000e-01	4.500765e-05
7.200000e-01	7.200000e-01	4.498451e-05
7.300000e-01	7.300000e-01	4.496121e-05
7.400000e-01	7.400000e-01	4.499045e-05
7.500000e-01	7.500000e-01	4.501956e-05
7.600000e-01	7.600000e-01	4.499613e-05
7.700000e-01	7.700000e-01	4.497260e-05
7.800000e-01	7.800000e-01	4.500161e-05
7.900000e-01	7.900000e-01	4.503054e-05
8.000000e-01	8.000000e-01	4.500691e-05
8.100000e-01	8.100000e-01	4.498320e-05
8.200000e-01	8.200000e-01	4.501206e-05
8.300000e-01	8.300000e-01	4.504085e-05
8.400000e-01	8.400000e-01	4.501707e-05
8.500000e-01	8.500000e-01	4.499323e-05
8.600000e-01	8.600000e-01	4.502197e-05
8.700000e-01	8.700000e-01	4.505067e-05
8.800000e-01	8.800000e-01	4.502678e-05
8.900000e-01	8.900000e-01	4.500284e-05
9.000000e-01	9.000000e-01	4.503149e-05
9.100000e-01	9.100000e-01	4.506011e-05
9.200000e-01	9.200000e-01	4.503613e-05
9.300000e-01	9.300000e-01	4.501212e-05
9.400000e-01	9.400000e-01	4.504071e-05
9.500000e-01	9.500000e-01	4.506927e-05
9.600000e-01	9.600000e-01	4.504522e-05
9.700000e-01	9.700000e-01	4.502115e-05
9.800000e-01	9.800000e-01	4.504968e-05
9.900000e-01	9.900000e-01	4.507820e-05
0.000000e+00	0.000000e+00	-1.105400e-19
1.000000e-02	1.000000e-02	2.769538e-06
2.000000e-02	2.000000e-02	5.452690e-06
3.000000e-02	3.000000e-02	8.049775e-06
4.000000e-02	4.000000e-02	1.056107e-05
5.000000e-02	5.000000e-02	1.298692e-05
6.000000e-02	6.000000e-02	1.532767e-05
7.000000e-02	7.000000e-02	1.758368e-05
8.000000e-02	8.000000e-02	1.975533e-05
9.000000e-02	9.000000e-02	2.184303e-05
1.000000e-01	1.000000e-01	2.384719e-05
1.100000e-01	1.100000e-01	2.576827e-05
1.200000e-01	1.200000e-01	2.760673e-05
1.300000e-01	1.300000e-01	2.936305e-05
1.400000e-01	1.400000e-01	3.103773e-05
1.500000e-01	1.500000e-01	3.263131e-05
1.600000e-01	1.600000e-01	3.414434e-05
1.700000e-01	1.700000e-01	3.557740e-05
1.800000e-01	1.800000e-01	3.693110e-05
1.900000e-01	1.900000e-01	3.820608e-05
2.000000e-01	2.000000e-01	3.940302e-05
2.100000e-01	2.100000e-01	4.052266e-05
2.200000e-01	2.200000e-01	4.156579e-05
2.300000e-01	2.300000e-01	4.253329e-05
2.400000e-01	2.400000e-01	4.342613e-05
2.500000e-01	2.500000e-01	4.424543e-05
2.600000e-01	2.600000e-01	4.499247e-05
2.700000e-01	2.700000e-01	4.566879e-05
2.800000e-01	2.800000e-01	4.627621e-05
2.900000e-01	2.900000e-01	4.681692e-05
3.000000e-01	3.000000e-01	4.729358e-05
3.100000e-01	3.100000e-01	4.770938e-05
3.200000e-01	3.200000e-01	4.806808e-05
3.300000e-01	3.300000e-01	4.837405e-05
3.400000e-01	3.400000e-01	4.863217e-05
3.500000e-01	3.500000e-01	4.884772e-05
3.600000e-01	3.600000e-01	4.899657e-05
3.700000e-01	3.700000e-01	4.917298e-05
3.800000e-01	3.800000e-01	4.930141e-05
3.900000e-01	3.900000e-01	4.939022e-05
4.000000e-01	4.000000e-01	4.944673e-05
4.100000e-01	4.100000e-01	4.953794e-05
4.200000e-01	4.200000e-01	4.960823e-05
4.300000e-01	4.300000e-01	4.966177e-05
4.400000e-01	4.400000e-01	4.970189e-05
4.500000e-01	4.500000e-01	4.973126e-05
4.600000e-01	4.600000e-01	4.975197e-05
4.700000e-01	4.700000e-01	4.976568e-05
4.800000e-01	4.800000e-01	4.977369e-05
4.900000e-01	4.900000e-01	4.977704e-05
5.000000e-01	5.000000e-01	4.981165e-05
5.100000e-01	5.100000e-01	4.984309e-05
5.200000e-01	5.200000e-01	4.983787e-05
5.300000e-01	5.300000e-01	4.983042e-05
5.400000e-01	5.400000e-01	4.985918e-05
5.500000e-01	5.500000e-01	4.988635e-05
5.600000e-01	5.600000e-01	4.987696e-05
5.700000e-01	5.700000e-01	4.986641e-05
5.800000e-01	5.800000e-01	4.989218e-05
5.900000e-01	5.900000e-01	4.991708e-05
6.000000e-01	6.000000e-01	4.990546e-05
6.100000e-01	6.100000e-01	4.989318e-05
6.200000e-01	6.200000e-01	4.991729e-05
6.300000e-01	6.300000e-01	4.994088e-05
6.400000e-01	6.400000e-01	4.992797e-05
6.500000e-01	6.500000e-01	4.991465e-05
6.600000e-01	6.600000e-01	4.993776e-05
6.700000e-01	6.700000e-01	4.996055e-05
6.800000e-01	6.800000e-01	4.994683e-05
6.900000e-01	6.900000e-01	4.993285e-05
7.000000e-01	7.000000e-01	4.995533e-05
7.100000e-01	7.100000e-01	4.997760e-05
7.200000e-01	7.200000e-01	4.996335e-05
7.300000e-01	7.300000e-01	4.994893e-05
7.400000e-01	7.400000e-01	4.997098e-05
7.500000e-01	7.500000e-01	4.999290e-05
7.600000e-01	7.600000e-01	4.997829e-05
7.700000e-01	7.700000e-01	4.996356e-05
7.800000e-01	7.800000e-01	4.998532e-05
7.900000e-01	7.900000e-01	5.000698e-05
8.000000e-01	8.000000e-01	4.999212e-05
8.100000e-01	8.100000e-01	4.997717e-05
8.200000e-01	8.200000e-01	4.999872e-05
8.300000e-01	8.300000e-01	5.002020e-05
8.400000e-01	8.400000e-01	5.000515e-05
8.500000e-01	8.500000e-01	4.999003e-05
8.600000e-01	8.600000e-01	5.001143e-05
8.700000e-01	8.700000e-01	5.003278e-05
8.800000e-01	8.800000e-01	5.001758e-05
8.900000e-01	8.900000e-01	5.000234e-05
9.000000e-01	9.000000e-01	5.002362e-05
9.100000e-01	9.100000e-01	5.004486e-05
9.200000e-01	9.200000e-01	5.002956e-05
9.300000e-01	9.300000e-01	5.001422e-05
9.400000e-01	9.400000e-01	5.003541e-05
9.500000e-01	9.500000e-01	5.005657e-05
9.600000e-01	9.600000e-01	5.004118e-05
9.700000e-01	9.700000e-01	5.002576e-05
9.800000e-01	9.800000e-01	5.004688e-05
9.900000e-01	9.900000e-01	5.006798e-05
