sweep (current)	sweep (current)	id(m1a) (current)
0.000000e+00	0.000000e+00	-4.228795e-31
1.000000e-02	1.000000e-02	2.317706e-06
2.000000e-02	2.000000e-02	4.555395e-06
3.000000e-02	3.000000e-02	6.713558e-06
4.000000e-02	4.000000e-02	8.792628e-06
5.000000e-02	5.000000e-02	1.079314e-05
6.000000e-02	6.000000e-02	1.271564e-05
7.000000e-02	7.000000e-02	1.456073e-05
8.000000e-02	8.000000e-02	1.632906e-05
9.000000e-02	9.000000e-02	1.802131e-05
1.000000e-01	1.000000e-01	1.963824e-05
1.100000e-01	1.100000e-01	2.118064e-05
1.200000e-01	1.200000e-01	2.264938e-05
1.300000e-01	1.300000e-01	2.404537e-05
1.400000e-01	1.400000e-01	2.536961e-05
1.500000e-01	1.500000e-01	2.662316e-05
1.600000e-01	1.600000e-01	2.780716e-05
1.700000e-01	1.700000e-01	2.892280e-05
1.800000e-01	1.800000e-01	2.997137e-05
1.900000e-01	1.900000e-01	3.095425e-05
2.000000e-01	2.000000e-01	3.187285e-05
2.100000e-01	2.100000e-01	3.272870e-05
2.200000e-01	2.200000e-01	3.352338e-05
2.300000e-01	2.300000e-01	3.425856e-05
2.400000e-01	2.400000e-01	3.493596e-05
2.500000e-01	2.500000e-01	3.555739e-05
2.600000e-01	2.600000e-01	3.612470e-05
2.700000e-01	2.700000e-01	3.663983e-05
2.800000e-01	2.800000e-01	3.710477e-05
2.900000e-01	2.900000e-01	3.752161e-05
3.000000e-01	3.000000e-01	3.789253e-05
3.100000e-01	3.100000e-01	3.821983e-05
3.200000e-01	3.200000e-01	3.850597e-05
3.300000e-01	3.300000e-01	3.875359e-05
3.400000e-01	3.400000e-01	3.896556e-05
3.500000e-01	3.500000e-01	3.914496e-05
3.600000e-01	3.600000e-01	3.929510e-05
3.700000e-01	3.700000e-01	3.941942e-05
3.800000e-01	3.800000e-01	3.952141e-05
3.900000e-01	3.900000e-01	3.956878e-05
4.000000e-01	4.000000e-01	3.967191e-05
4.100000e-01	4.100000e-01	3.973726e-05
4.200000e-01	4.200000e-01	3.977198e-05
4.300000e-01	4.300000e-01	3.978213e-05
4.400000e-01	4.400000e-01	3.983551e-05
4.500000e-01	4.500000e-01	3.987336e-05
4.600000e-01	4.600000e-01	3.989889e-05
4.700000e-01	4.700000e-01	3.991462e-05
4.800000e-01	4.800000e-01	3.992252e-05
4.900000e-01	4.900000e-01	3.992415e-05
5.000000e-01	5.000000e-01	3.992071e-05
5.100000e-01	5.100000e-01	3.991316e-05
5.200000e-01	5.200000e-01	3.994948e-05
5.300000e-01	5.300000e-01	3.998305e-05
5.400000e-01	5.400000e-01	3.996264e-05
5.500000e-01	5.500000e-01	3.994030e-05
5.600000e-01	5.600000e-01	3.997325e-05
5.700000e-01	5.700000e-01	4.000485e-05
5.800000e-01	5.800000e-01	3.998204e-05
5.900000e-01	5.900000e-01	3.995825e-05
6.000000e-01	6.000000e-01	3.998954e-05
6.100000e-01	6.100000e-01	4.002011e-05
6.200000e-01	6.200000e-01	3.999606e-05
6.300000e-01	6.300000e-01	3.997145e-05
6.400000e-01	6.400000e-01	4.000185e-05
6.500000e-01	6.500000e-01	4.003183e-05
6.600000e-01	6.600000e-01	4.000707e-05
6.700000e-01	6.700000e-01	3.998198e-05
6.800000e-01	6.800000e-01	4.001185e-05
6.900000e-01	6.900000e-01	4.004147e-05
7.000000e-01	7.000000e-01	4.001628e-05
7.100000e-01	7.100000e-01	3.999088e-05
7.200000e-01	7.200000e-01	4.002043e-05
7.300000e-01	7.300000e-01	4.004981e-05
7.400000e-01	7.400000e-01	4.002434e-05
7.500000e-01	7.500000e-01	3.999873e-05
7.600000e-01	7.600000e-01	4.002806e-05
7.700000e-01	7.700000e-01	4.005729e-05
7.800000e-01	7.800000e-01	4.003163e-05
7.900000e-01	7.900000e-01	4.000587e-05
8.000000e-01	8.000000e-01	4.003506e-05
8.100000e-01	8.100000e-01	4.006418e-05
8.200000e-01	8.200000e-01	4.003838e-05
8.300000e-01	8.300000e-01	4.001252e-05
8.400000e-01	8.400000e-01	4.004161e-05
8.500000e-01	8.500000e-01	4.007065e-05
8.600000e-01	8.600000e-01	4.004475e-05
8.700000e-01	8.700000e-01	4.001881e-05
8.800000e-01	8.800000e-01	4.004783e-05
8.900000e-01	8.900000e-01	4.007680e-05
9.000000e-01	9.000000e-01	4.005084e-05
9.100000e-01	9.100000e-01	4.002483e-05
9.200000e-01	9.200000e-01	4.005379e-05
9.300000e-01	9.300000e-01	4.008273e-05
9.400000e-01	9.400000e-01	4.005670e-05
9.500000e-01	9.500000e-01	4.003065e-05
9.600000e-01	9.600000e-01	4.005957e-05
9.700000e-01	9.700000e-01	4.008847e-05
9.800000e-01	9.800000e-01	4.006239e-05
9.900000e-01	9.900000e-01	4.003630e-05
0.000000e+00	0.000000e+00	2.742410e-19
1.000000e-02	1.000000e-02	2.484135e-06
2.000000e-02	2.000000e-02	4.888107e-06
3.000000e-02	3.000000e-02	7.212372e-06
4.000000e-02	4.000000e-02	9.457336e-06
5.000000e-02	5.000000e-02	1.162348e-05
6.000000e-02	6.000000e-02	1.371132e-05
7.000000e-02	7.000000e-02	1.572138e-05
8.000000e-02	8.000000e-02	1.765422e-05
9.000000e-02	9.000000e-02	1.951044e-05
1.000000e-01	1.000000e-01	2.129068e-05
1.100000e-01	1.100000e-01	2.299562e-05
1.200000e-01	1.200000e-01	2.462595e-05
1.300000e-01	1.300000e-01	2.618243e-05
1.400000e-01	1.400000e-01	2.766586e-05
1.500000e-01	1.500000e-01	2.907705e-05
1.600000e-01	1.600000e-01	3.041689e-05
1.700000e-01	1.700000e-01	3.168629e-05
1.800000e-01	1.800000e-01	3.288620e-05
1.900000e-01	1.900000e-01	3.401763e-05
2.000000e-01	2.000000e-01	3.508162e-05
2.100000e-01	2.100000e-01	3.607927e-05
2.200000e-01	2.200000e-01	3.701169e-05
2.300000e-01	2.300000e-01	3.788009e-05
2.400000e-01	2.400000e-01	3.868568e-05
2.500000e-01	2.500000e-01	3.942976e-05
2.600000e-01	2.600000e-01	4.011370e-05
2.700000e-01	2.700000e-01	4.073893e-05
2.800000e-01	2.800000e-01	4.130701e-05
2.900000e-01	2.900000e-01	4.181963e-05
3.000000e-01	3.000000e-01	4.227865e-05
3.100000e-01	3.100000e-01	4.268618e-05
3.200000e-01	3.200000e-01	4.304459e-05
3.300000e-01	3.300000e-01	4.335656e-05
3.400000e-01	3.400000e-01	4.362518e-05
3.500000e-01	3.500000e-01	4.385390e-05
3.600000e-01	3.600000e-01	4.404649e-05
3.700000e-01	3.700000e-01	4.420703e-05
3.800000e-01	3.800000e-01	4.430456e-05
3.900000e-01	3.900000e-01	4.444855e-05
4.000000e-01	4.000000e-01	4.454706e-05
4.100000e-01	4.100000e-01	4.460800e-05
4.200000e-01	4.200000e-01	4.463833e-05
4.300000e-01	4.300000e-01	4.471741e-05
4.400000e-01	4.400000e-01	4.477670e-05
4.500000e-01	4.500000e-01	4.482018e-05
4.600000e-01	4.600000e-01	4.485102e-05
4.700000e-01	4.700000e-01	4.487175e-05
4.800000e-01	4.800000e-01	4.488436e-05
4.900000e-01	4.900000e-01	4.489041e-05
5.000000e-01	5.000000e-01	4.489114e-05
5.100000e-01	5.100000e-01	4.488754e-05
5.200000e-01	5.200000e-01	4.488037e-05
5.300000e-01	5.300000e-01	4.492537e-05
5.400000e-01	5.400000e-01	4.496794e-05
5.500000e-01	5.500000e-01	4.494211e-05
5.600000e-01	5.600000e-01	4.491455e-05
5.700000e-01	5.700000e-01	4.495585e-05
5.800000e-01	5.800000e-01	4.499593e-05
5.900000e-01	5.900000e-01	4.496743e-05
6.000000e-01	6.000000e-01	4.493801e-05
6.100000e-01	6.100000e-01	4.497742e-05
6.200000e-01	6.200000e-01	4.501616e-05
6.300000e-01	6.300000e-01	4.498621e-05
6.400000e-01	6.400000e-01	4.495573e-05
6.500000e-01	6.500000e-01	4.499408e-05
6.600000e-01	6.600000e-01	4.503204e-05
6.700000e-01	6.700000e-01	4.500124e-05
6.800000e-01	6.800000e-01	4.497011e-05
6.900000e-01	6.900000e-01	4.500783e-05
7.000000e-01	7.000000e-01	4.504530e-05
7.100000e-01	7.100000e-01	4.501396e-05
7.200000e-01	7.200000e-01	4.498242e-05
7.300000e-01	7.300000e-01	4.501973e-05
7.400000e-01	7.400000e-01	4.505688e-05
7.500000e-01	7.500000e-01	4.502520e-05
7.600000e-01	7.600000e-01	4.499337e-05
7.700000e-01	7.700000e-01	4.503041e-05
7.800000e-01	7.800000e-01	4.506734e-05
7.900000e-01	7.900000e-01	4.503541e-05
8.000000e-01	8.000000e-01	4.500338e-05
8.100000e-01	8.100000e-01	4.504024e-05
8.200000e-01	8.200000e-01	4.507702e-05
8.300000e-01	8.300000e-01	4.504491e-05
8.400000e-01	8.400000e-01	4.501274e-05
8.500000e-01	8.500000e-01	4.504946e-05
8.600000e-01	8.600000e-01	4.508613e-05
8.700000e-01	8.700000e-01	4.505389e-05
8.800000e-01	8.800000e-01	4.502161e-05
8.900000e-01	8.900000e-01	4.505823e-05
9.000000e-01	9.000000e-01	4.509482e-05
9.100000e-01	9.100000e-01	4.506248e-05
9.200000e-01	9.200000e-01	4.503011e-05
9.300000e-01	9.300000e-01	4.506666e-05
9.400000e-01	9.400000e-01	4.510319e-05
9.500000e-01	9.500000e-01	4.507077e-05
9.600000e-01	9.600000e-01	4.503833e-05
9.700000e-01	9.700000e-01	4.507483e-05
9.800000e-01	9.800000e-01	4.511131e-05
9.900000e-01	9.900000e-01	4.507883e-05
0.000000e+00	0.000000e+00	-3.477694e-16
1.000000e-02	1.000000e-02	2.669680e-06
2.000000e-02	2.000000e-02	5.258153e-06
3.000000e-02	3.000000e-02	7.765759e-06
4.000000e-02	4.000000e-02	1.019286e-05
5.000000e-02	5.000000e-02	1.253982e-05
6.000000e-02	6.000000e-02	1.480705e-05
7.000000e-02	7.000000e-02	1.699497e-05
8.000000e-02	8.000000e-02	1.910399e-05
9.000000e-02	9.000000e-02	2.113459e-05
1.000000e-01	1.000000e-01	2.308724e-05
1.100000e-01	1.100000e-01	2.496243e-05
1.200000e-01	1.200000e-01	2.676069e-05
1.300000e-01	1.300000e-01	2.848256e-05
1.400000e-01	1.400000e-01	3.012860e-05
1.500000e-01	1.500000e-01	3.169939e-05
1.600000e-01	1.600000e-01	3.319555e-05
1.700000e-01	1.700000e-01	3.461772e-05
1.800000e-01	1.800000e-01	3.596654e-05
1.900000e-01	1.900000e-01	3.724271e-05
2.000000e-01	2.000000e-01	3.844694e-05
2.100000e-01	2.100000e-01	3.957997e-05
2.200000e-01	2.200000e-01	4.064259e-05
2.300000e-01	2.300000e-01	4.163562e-05
2.400000e-01	2.400000e-01	4.255995e-05
2.500000e-01	2.500000e-01	4.341654e-05
2.600000e-01	2.600000e-01	4.420641e-05
2.700000e-01	2.700000e-01	4.493075e-05
2.800000e-01	2.800000e-01	4.559085e-05
2.900000e-01	2.900000e-01	4.618823e-05
3.000000e-01	3.000000e-01	4.672466e-05
3.100000e-01	3.100000e-01	4.720222e-05
3.200000e-01	3.200000e-01	4.762336e-05
3.300000e-01	3.300000e-01	4.799100e-05
3.400000e-01	3.400000e-01	4.830853e-05
3.500000e-01	3.500000e-01	4.857981e-05
3.600000e-01	3.600000e-01	4.880914e-05
3.700000e-01	3.700000e-01	4.896739e-05
3.800000e-01	3.800000e-01	4.916062e-05
3.900000e-01	3.900000e-01	4.930037e-05
4.000000e-01	4.000000e-01	4.939510e-05
4.100000e-01	4.100000e-01	4.948881e-05
4.200000e-01	4.200000e-01	4.955196e-05
4.300000e-01	4.300000e-01	4.959032e-05
4.400000e-01	4.400000e-01	4.967118e-05
4.500000e-01	4.500000e-01	4.973600e-05
4.600000e-01	4.600000e-01	4.974709e-05
4.700000e-01	4.700000e-01	4.974779e-05
4.800000e-01	4.800000e-01	4.980132e-05
4.900000e-01	4.900000e-01	4.984808e-05
5.000000e-01	5.000000e-01	4.984134e-05
5.100000e-01	5.100000e-01	4.983005e-05
5.200000e-01	5.200000e-01	4.987192e-05
5.300000e-01	5.300000e-01	4.991070e-05
5.400000e-01	5.400000e-01	4.989603e-05
5.500000e-01	5.500000e-01	4.987917e-05
5.600000e-01	5.600000e-01	4.991562e-05
5.700000e-01	5.700000e-01	4.995052e-05
5.800000e-01	5.800000e-01	4.993196e-05
5.900000e-01	5.900000e-01	4.991226e-05
6.000000e-01	6.000000e-01	4.994593e-05
6.100000e-01	6.100000e-01	4.997876e-05
6.200000e-01	6.200000e-01	4.995812e-05
6.300000e-01	6.300000e-01	4.993682e-05
6.400000e-01	6.400000e-01	4.996895e-05
6.500000e-01	6.500000e-01	5.000058e-05
6.600000e-01	6.600000e-01	4.997873e-05
6.700000e-01	6.700000e-01	4.995647e-05
6.800000e-01	6.800000e-01	4.998768e-05
6.900000e-01	6.900000e-01	5.001857e-05
7.000000e-01	7.000000e-01	4.999596e-05
7.100000e-01	7.100000e-01	4.997309e-05
7.200000e-01	7.200000e-01	5.000371e-05
7.300000e-01	7.300000e-01	5.003413e-05
7.400000e-01	7.400000e-01	5.001102e-05
7.500000e-01	7.500000e-01	4.998774e-05
7.600000e-01	7.600000e-01	5.001797e-05
7.700000e-01	7.700000e-01	5.004806e-05
7.800000e-01	7.800000e-01	5.002461e-05
7.900000e-01	7.900000e-01	5.000105e-05
8.000000e-01	8.000000e-01	5.003101e-05
8.100000e-01	8.100000e-01	5.006087e-05
8.200000e-01	8.200000e-01	5.003718e-05
8.300000e-01	8.300000e-01	5.001340e-05
8.400000e-01	8.400000e-01	5.004317e-05
8.500000e-01	8.500000e-01	5.007287e-05
8.600000e-01	8.600000e-01	5.004900e-05
8.700000e-01	8.700000e-01	5.002507e-05
8.800000e-01	8.800000e-01	5.005469e-05
8.900000e-01	8.900000e-01	5.008427e-05
9.000000e-01	9.000000e-01	5.006027e-05
9.100000e-01	9.100000e-01	5.003622e-05
9.200000e-01	9.200000e-01	5.006573e-05
9.300000e-01	9.300000e-01	5.009522e-05
9.400000e-01	9.400000e-01	5.007111e-05
9.500000e-01	9.500000e-01	5.004697e-05
9.600000e-01	9.600000e-01	5.007640e-05
9.700000e-01	9.700000e-01	5.010581e-05
9.800000e-01	9.800000e-01	5.008162e-05
9.900000e-01	9.900000e-01	5.005741e-05
