sweep (current)	sweep (current)	id(m1a) (current)
0.000000e+00	0.000000e+00	1.659571e-31
1.000000e-02	1.000000e-02	2.566914e-06
2.000000e-02	2.000000e-02	5.034741e-06
3.000000e-02	3.000000e-02	7.404133e-06
4.000000e-02	4.000000e-02	9.675694e-06
5.000000e-02	5.000000e-02	1.185016e-05
6.000000e-02	6.000000e-02	1.392830e-05
7.000000e-02	7.000000e-02	1.591098e-05
8.000000e-02	8.000000e-02	1.779913e-05
9.000000e-02	9.000000e-02	1.959377e-05
1.000000e-01	1.000000e-01	2.129600e-05
1.100000e-01	1.100000e-01	2.290703e-05
1.200000e-01	1.200000e-01	2.442818e-05
1.300000e-01	1.300000e-01	2.586088e-05
1.400000e-01	1.400000e-01	2.720669e-05
1.500000e-01	1.500000e-01	2.846729e-05
1.600000e-01	1.600000e-01	2.964449e-05
1.700000e-01	1.700000e-01	3.074027e-05
1.800000e-01	1.800000e-01	3.175670e-05
1.900000e-01	1.900000e-01	3.269603e-05
2.000000e-01	2.000000e-01	3.356062e-05
2.100000e-01	2.100000e-01	3.435299e-05
2.200000e-01	2.200000e-01	3.507577e-05
2.300000e-01	2.300000e-01	3.573168e-05
2.400000e-01	2.400000e-01	3.632359e-05
2.500000e-01	2.500000e-01	3.685441e-05
2.600000e-01	2.600000e-01	3.732719e-05
2.700000e-01	2.700000e-01	3.774503e-05
2.800000e-01	2.800000e-01	3.811115e-05
2.900000e-01	2.900000e-01	3.842888e-05
3.000000e-01	3.000000e-01	3.870172e-05
3.100000e-01	3.100000e-01	3.893332e-05
3.200000e-01	3.200000e-01	3.912755e-05
3.300000e-01	3.300000e-01	3.928845e-05
3.400000e-01	3.400000e-01	3.942020e-05
3.500000e-01	3.500000e-01	3.952697e-05
3.600000e-01	3.600000e-01	3.961282e-05
3.700000e-01	3.700000e-01	3.964196e-05
3.800000e-01	3.800000e-01	3.973643e-05
3.900000e-01	3.900000e-01	3.979381e-05
4.000000e-01	4.000000e-01	3.982185e-05
4.100000e-01	4.100000e-01	3.982681e-05
4.200000e-01	4.200000e-01	3.986682e-05
4.300000e-01	4.300000e-01	3.989266e-05
4.400000e-01	4.400000e-01	3.990738e-05
4.500000e-01	4.500000e-01	3.991330e-05
4.600000e-01	4.600000e-01	3.991223e-05
4.700000e-01	4.700000e-01	3.990557e-05
4.800000e-01	4.800000e-01	3.994398e-05
4.900000e-01	4.900000e-01	3.997876e-05
5.000000e-01	5.000000e-01	3.995767e-05
5.100000e-01	5.100000e-01	3.993410e-05
5.200000e-01	5.200000e-01	3.996850e-05
5.300000e-01	5.300000e-01	4.000120e-05
5.400000e-01	5.400000e-01	3.997734e-05
5.500000e-01	5.500000e-01	3.995225e-05
5.600000e-01	5.600000e-01	3.998478e-05
5.700000e-01	5.700000e-01	4.001644e-05
5.800000e-01	5.800000e-01	3.999120e-05
5.900000e-01	5.900000e-01	3.996529e-05
6.000000e-01	6.000000e-01	3.999686e-05
6.100000e-01	6.100000e-01	4.002793e-05
6.200000e-01	6.200000e-01	4.000193e-05
6.300000e-01	6.300000e-01	3.997554e-05
6.400000e-01	6.400000e-01	4.000655e-05
6.500000e-01	6.500000e-01	4.003727e-05
6.600000e-01	6.600000e-01	4.001083e-05
6.700000e-01	6.700000e-01	3.998414e-05
6.800000e-01	6.800000e-01	4.001482e-05
6.900000e-01	6.900000e-01	4.004531e-05
7.000000e-01	7.000000e-01	4.001858e-05
7.100000e-01	7.100000e-01	3.999169e-05
7.200000e-01	7.200000e-01	4.002216e-05
7.300000e-01	7.300000e-01	4.005251e-05
7.400000e-01	7.400000e-01	4.002558e-05
7.500000e-01	7.500000e-01	3.999855e-05
7.600000e-01	7.600000e-01	4.002888e-05
7.700000e-01	7.700000e-01	4.005912e-05
7.800000e-01	7.800000e-01	4.003207e-05
7.900000e-01	7.900000e-01	4.000494e-05
8.000000e-01	8.000000e-01	4.003516e-05
8.100000e-01	8.100000e-01	4.006534e-05
8.200000e-01	8.200000e-01	4.003818e-05
8.300000e-01	8.300000e-01	4.001098e-05
8.400000e-01	8.400000e-01	4.004113e-05
8.500000e-01	8.500000e-01	4.007125e-05
8.600000e-01	8.600000e-01	4.004403e-05
8.700000e-01	8.700000e-01	4.001676e-05
8.800000e-01	8.800000e-01	4.004687e-05
8.900000e-01	8.900000e-01	4.007695e-05
9.000000e-01	9.000000e-01	4.004967e-05
9.100000e-01	9.100000e-01	4.002236e-05
9.200000e-01	9.200000e-01	4.005242e-05
9.300000e-01	9.300000e-01	4.008247e-05
9.400000e-01	9.400000e-01	4.005515e-05
9.500000e-01	9.500000e-01	4.002780e-05
9.600000e-01	9.600000e-01	4.005784e-05
9.700000e-01	9.700000e-01	4.008786e-05
9.800000e-01	9.800000e-01	4.006050e-05
9.900000e-01	9.900000e-01	4.003313e-05
0.000000e+00	0.000000e+00	-4.414418e-29
1.000000e-02	1.000000e-02	2.738902e-06
2.000000e-02	2.000000e-02	5.378906e-06
3.000000e-02	3.000000e-02	7.920650e-06
4.000000e-02	4.000000e-02	1.036473e-05
5.000000e-02	5.000000e-02	1.271183e-05
6.000000e-02	6.000000e-02	1.496272e-05
7.000000e-02	7.000000e-02	1.711817e-05
8.000000e-02	8.000000e-02	1.917904e-05
9.000000e-02	9.000000e-02	2.114624e-05
1.000000e-01	1.000000e-01	2.302076e-05
1.100000e-01	1.100000e-01	2.480365e-05
1.200000e-01	1.200000e-01	2.649603e-05
1.300000e-01	1.300000e-01	2.809909e-05
1.400000e-01	1.400000e-01	2.961412e-05
1.500000e-01	1.500000e-01	3.104245e-05
1.600000e-01	1.600000e-01	3.238554e-05
1.700000e-01	1.700000e-01	3.364489e-05
1.800000e-01	1.800000e-01	3.482211e-05
1.900000e-01	1.900000e-01	3.591887e-05
2.000000e-01	2.000000e-01	3.693693e-05
2.100000e-01	2.100000e-01	3.787814e-05
2.200000e-01	2.200000e-01	3.874443e-05
2.300000e-01	2.300000e-01	3.953780e-05
2.400000e-01	2.400000e-01	4.026039e-05
2.500000e-01	2.500000e-01	4.091440e-05
2.600000e-01	2.600000e-01	4.150222e-05
2.700000e-01	2.700000e-01	4.202637e-05
2.800000e-01	2.800000e-01	4.248962e-05
2.900000e-01	2.900000e-01	4.289501e-05
3.000000e-01	3.000000e-01	4.324593e-05
3.100000e-01	3.100000e-01	4.354615e-05
3.200000e-01	3.200000e-01	4.379988e-05
3.300000e-01	3.300000e-01	4.401171e-05
3.400000e-01	3.400000e-01	4.418656e-05
3.500000e-01	3.500000e-01	4.432943e-05
3.600000e-01	3.600000e-01	4.440497e-05
3.700000e-01	3.700000e-01	4.453889e-05
3.800000e-01	3.800000e-01	4.462683e-05
3.900000e-01	3.900000e-01	4.467777e-05
4.000000e-01	4.000000e-01	4.469924e-05
4.100000e-01	4.100000e-01	4.476388e-05
4.200000e-01	4.200000e-01	4.481014e-05
4.300000e-01	4.300000e-01	4.484188e-05
4.400000e-01	4.400000e-01	4.486214e-05
4.500000e-01	4.500000e-01	4.487326e-05
4.600000e-01	4.600000e-01	4.487709e-05
4.700000e-01	4.700000e-01	4.487504e-05
4.800000e-01	4.800000e-01	4.486824e-05
4.900000e-01	4.900000e-01	4.491861e-05
5.000000e-01	5.000000e-01	4.496584e-05
5.100000e-01	5.100000e-01	4.493645e-05
5.200000e-01	5.200000e-01	4.490488e-05
5.300000e-01	5.300000e-01	4.495086e-05
5.400000e-01	5.400000e-01	4.499532e-05
5.500000e-01	5.500000e-01	4.496283e-05
5.600000e-01	5.600000e-01	4.492922e-05
5.700000e-01	5.700000e-01	4.497306e-05
5.800000e-01	5.800000e-01	4.501609e-05
5.900000e-01	5.900000e-01	4.498198e-05
6.000000e-01	6.000000e-01	4.494725e-05
6.100000e-01	6.100000e-01	4.498993e-05
6.200000e-01	6.200000e-01	4.503214e-05
6.300000e-01	6.300000e-01	4.499711e-05
6.400000e-01	6.400000e-01	4.496171e-05
6.500000e-01	6.500000e-01	4.500371e-05
6.600000e-01	6.600000e-01	4.504543e-05
6.700000e-01	6.700000e-01	4.500983e-05
6.800000e-01	6.800000e-01	4.497401e-05
6.900000e-01	6.900000e-01	4.501558e-05
7.000000e-01	7.000000e-01	4.505698e-05
7.100000e-01	7.100000e-01	4.502102e-05
7.200000e-01	7.200000e-01	4.498491e-05
7.300000e-01	7.300000e-01	4.502621e-05
7.400000e-01	7.400000e-01	4.506740e-05
7.500000e-01	7.500000e-01	4.503119e-05
7.600000e-01	7.600000e-01	4.499487e-05
7.700000e-01	7.700000e-01	4.503599e-05
7.800000e-01	7.800000e-01	4.507702e-05
7.900000e-01	7.900000e-01	4.504064e-05
8.000000e-01	8.000000e-01	4.500418e-05
8.100000e-01	8.100000e-01	4.504516e-05
8.200000e-01	8.200000e-01	4.508609e-05
8.300000e-01	8.300000e-01	4.504957e-05
8.400000e-01	8.400000e-01	4.501301e-05
8.500000e-01	8.500000e-01	4.505389e-05
8.600000e-01	8.600000e-01	4.509474e-05
8.700000e-01	8.700000e-01	4.505813e-05
8.800000e-01	8.800000e-01	4.502148e-05
8.900000e-01	8.900000e-01	4.506229e-05
9.000000e-01	9.000000e-01	4.510309e-05
9.100000e-01	9.100000e-01	4.506639e-05
9.200000e-01	9.200000e-01	4.502967e-05
9.300000e-01	9.300000e-01	4.507044e-05
9.400000e-01	9.400000e-01	4.511119e-05
9.500000e-01	9.500000e-01	4.507443e-05
9.600000e-01	9.600000e-01	4.503766e-05
9.700000e-01	9.700000e-01	4.507838e-05
9.800000e-01	9.800000e-01	4.511910e-05
9.900000e-01	9.900000e-01	4.508229e-05
0.000000e+00	0.000000e+00	6.276191e-20
1.000000e-02	1.000000e-02	2.929904e-06
2.000000e-02	2.000000e-02	5.760221e-06
3.000000e-02	3.000000e-02	8.491469e-06
4.000000e-02	4.000000e-02	1.112420e-05
5.000000e-02	5.000000e-02	1.365901e-05
6.000000e-02	6.000000e-02	1.609652e-05
7.000000e-02	7.000000e-02	1.843740e-05
8.000000e-02	8.000000e-02	2.068234e-05
9.000000e-02	9.000000e-02	2.283209e-05
1.000000e-01	1.000000e-01	2.488743e-05
1.100000e-01	1.100000e-01	2.684919e-05
1.200000e-01	1.200000e-01	2.871824e-05
1.300000e-01	1.300000e-01	3.049550e-05
1.400000e-01	1.400000e-01	3.218192e-05
1.500000e-01	1.500000e-01	3.377852e-05
1.600000e-01	1.600000e-01	3.528635e-05
1.700000e-01	1.700000e-01	3.670651e-05
1.800000e-01	1.800000e-01	3.804015e-05
1.900000e-01	1.900000e-01	3.928847e-05
2.000000e-01	2.000000e-01	4.045274e-05
2.100000e-01	2.100000e-01	4.153429e-05
2.200000e-01	2.200000e-01	4.253451e-05
2.300000e-01	2.300000e-01	4.345490e-05
2.400000e-01	2.400000e-01	4.429709e-05
2.500000e-01	2.500000e-01	4.506283e-05
2.600000e-01	2.600000e-01	4.575409e-05
2.700000e-01	2.700000e-01	4.637312e-05
2.800000e-01	2.800000e-01	4.692247e-05
2.900000e-01	2.900000e-01	4.740513e-05
3.000000e-01	3.000000e-01	4.782459e-05
3.100000e-01	3.100000e-01	4.818491e-05
3.200000e-01	3.200000e-01	4.849074e-05
3.300000e-01	3.300000e-01	4.874727e-05
3.400000e-01	3.400000e-01	4.896009e-05
3.500000e-01	3.500000e-01	4.913499e-05
3.600000e-01	3.600000e-01	4.924337e-05
3.700000e-01	3.700000e-01	4.939367e-05
3.800000e-01	3.800000e-01	4.949836e-05
3.900000e-01	3.900000e-01	4.956615e-05
4.000000e-01	4.000000e-01	4.960440e-05
4.100000e-01	4.100000e-01	4.967695e-05
4.200000e-01	4.200000e-01	4.973086e-05
4.300000e-01	4.300000e-01	4.976995e-05
4.400000e-01	4.400000e-01	4.979726e-05
4.500000e-01	4.500000e-01	4.981515e-05
4.600000e-01	4.600000e-01	4.982547e-05
4.700000e-01	4.700000e-01	4.982967e-05
4.800000e-01	4.800000e-01	4.982890e-05
4.900000e-01	4.900000e-01	4.987766e-05
5.000000e-01	5.000000e-01	4.992310e-05
5.100000e-01	5.100000e-01	4.990124e-05
5.200000e-01	5.200000e-01	4.987706e-05
5.300000e-01	5.300000e-01	4.992036e-05
5.400000e-01	5.400000e-01	4.996202e-05
5.500000e-01	5.500000e-01	4.993628e-05
5.600000e-01	5.600000e-01	4.990934e-05
5.700000e-01	5.700000e-01	4.994991e-05
5.800000e-01	5.800000e-01	4.998960e-05
5.900000e-01	5.900000e-01	4.996181e-05
6.000000e-01	6.000000e-01	4.993334e-05
6.100000e-01	6.100000e-01	4.997241e-05
6.200000e-01	6.200000e-01	5.001097e-05
6.300000e-01	6.300000e-01	4.998200e-05
6.400000e-01	6.400000e-01	4.995262e-05
6.500000e-01	6.500000e-01	4.999081e-05
6.600000e-01	6.600000e-01	5.002867e-05
6.700000e-01	6.700000e-01	4.999898e-05
6.800000e-01	6.800000e-01	4.996902e-05
6.900000e-01	6.900000e-01	5.000664e-05
7.000000e-01	7.000000e-01	5.004406e-05
7.100000e-01	7.100000e-01	5.001389e-05
7.200000e-01	7.200000e-01	4.998355e-05
7.300000e-01	7.300000e-01	5.002080e-05
7.400000e-01	7.400000e-01	5.005792e-05
7.500000e-01	7.500000e-01	5.002743e-05
7.600000e-01	7.600000e-01	4.999681e-05
7.700000e-01	7.700000e-01	5.003381e-05
7.800000e-01	7.800000e-01	5.007072e-05
7.900000e-01	7.900000e-01	5.004000e-05
8.000000e-01	8.000000e-01	5.000918e-05
8.100000e-01	8.100000e-01	5.004601e-05
8.200000e-01	8.200000e-01	5.008277e-05
8.300000e-01	8.300000e-01	5.005187e-05
8.400000e-01	8.400000e-01	5.002091e-05
8.500000e-01	8.500000e-01	5.005760e-05
8.600000e-01	8.600000e-01	5.009425e-05
8.700000e-01	8.700000e-01	5.006323e-05
8.800000e-01	8.800000e-01	5.003216e-05
8.900000e-01	8.900000e-01	5.006875e-05
9.000000e-01	9.000000e-01	5.010531e-05
9.100000e-01	9.100000e-01	5.007419e-05
9.200000e-01	9.200000e-01	5.004303e-05
9.300000e-01	9.300000e-01	5.007955e-05
9.400000e-01	9.400000e-01	5.011605e-05
9.500000e-01	9.500000e-01	5.008485e-05
9.600000e-01	9.600000e-01	5.005362e-05
9.700000e-01	9.700000e-01	5.009008e-05
9.800000e-01	9.800000e-01	5.012653e-05
9.900000e-01	9.900000e-01	5.009526e-05
