sweep (current)	sweep (current)	id(m1a) (current)
0.000000e+00	0.000000e+00	-6.420446e-31
1.000000e-02	1.000000e-02	2.140405e-06
2.000000e-02	2.000000e-02	4.213131e-06
3.000000e-02	3.000000e-02	6.218567e-06
4.000000e-02	4.000000e-02	8.157044e-06
5.000000e-02	5.000000e-02	1.002897e-05
6.000000e-02	6.000000e-02	1.183477e-05
7.000000e-02	7.000000e-02	1.357490e-05
8.000000e-02	8.000000e-02	1.524982e-05
9.000000e-02	9.000000e-02	1.686006e-05
1.000000e-01	1.000000e-01	1.840616e-05
1.100000e-01	1.100000e-01	1.988870e-05
1.200000e-01	1.200000e-01	2.130830e-05
1.300000e-01	1.300000e-01	2.266561e-05
1.400000e-01	1.400000e-01	2.396134e-05
1.500000e-01	1.500000e-01	2.519622e-05
1.600000e-01	1.600000e-01	2.637104e-05
1.700000e-01	1.700000e-01	2.748664e-05
1.800000e-01	1.800000e-01	2.854389e-05
1.900000e-01	1.900000e-01	2.954372e-05
2.000000e-01	2.000000e-01	3.048711e-05
2.100000e-01	2.100000e-01	3.137507e-05
2.200000e-01	2.200000e-01	3.220869e-05
2.300000e-01	2.300000e-01	3.298906e-05
2.400000e-01	2.400000e-01	3.371737e-05
2.500000e-01	2.500000e-01	3.439481e-05
2.600000e-01	2.600000e-01	3.502264e-05
2.700000e-01	2.700000e-01	3.560216e-05
2.800000e-01	2.800000e-01	3.613471e-05
2.900000e-01	2.900000e-01	3.662169e-05
3.000000e-01	3.000000e-01	3.706455e-05
3.100000e-01	3.100000e-01	3.746483e-05
3.200000e-01	3.200000e-01	3.782414e-05
3.300000e-01	3.300000e-01	3.814422e-05
3.400000e-01	3.400000e-01	3.842694e-05
3.500000e-01	3.500000e-01	3.867436e-05
3.600000e-01	3.600000e-01	3.888873e-05
3.700000e-01	3.700000e-01	3.907252e-05
3.800000e-01	3.800000e-01	3.922844e-05
3.900000e-01	3.900000e-01	3.935936e-05
4.000000e-01	4.000000e-01	3.943240e-05
4.100000e-01	4.100000e-01	3.955823e-05
4.200000e-01	4.200000e-01	3.964088e-05
4.300000e-01	4.300000e-01	3.968735e-05
4.400000e-01	4.400000e-01	3.970397e-05
4.500000e-01	4.500000e-01	3.978180e-05
4.600000e-01	4.600000e-01	3.983999e-05
4.700000e-01	4.700000e-01	3.984212e-05
4.800000e-01	4.800000e-01	3.983159e-05
4.900000e-01	4.900000e-01	3.988384e-05
5.000000e-01	5.000000e-01	3.992796e-05
5.100000e-01	5.100000e-01	3.991348e-05
5.200000e-01	5.200000e-01	3.989369e-05
5.300000e-01	5.300000e-01	3.993538e-05
5.400000e-01	5.400000e-01	3.997356e-05
5.500000e-01	5.500000e-01	3.995206e-05
5.600000e-01	5.600000e-01	3.992814e-05
5.700000e-01	5.700000e-01	3.996523e-05
5.800000e-01	5.800000e-01	4.000064e-05
5.900000e-01	5.900000e-01	3.997591e-05
6.000000e-01	6.000000e-01	3.994997e-05
6.100000e-01	6.100000e-01	3.998484e-05
6.200000e-01	6.200000e-01	4.001884e-05
6.300000e-01	6.300000e-01	3.999246e-05
6.400000e-01	6.400000e-01	3.996543e-05
6.500000e-01	6.500000e-01	3.999912e-05
6.600000e-01	6.600000e-01	4.003233e-05
6.700000e-01	6.700000e-01	4.000504e-05
6.800000e-01	6.800000e-01	3.997736e-05
6.900000e-01	6.900000e-01	4.001039e-05
7.000000e-01	7.000000e-01	4.004312e-05
7.100000e-01	7.100000e-01	4.001528e-05
7.200000e-01	7.200000e-01	3.998720e-05
7.300000e-01	7.300000e-01	4.001981e-05
7.400000e-01	7.400000e-01	4.005224e-05
7.500000e-01	7.500000e-01	4.002405e-05
7.600000e-01	7.600000e-01	3.999570e-05
7.700000e-01	7.700000e-01	4.002806e-05
7.800000e-01	7.800000e-01	4.006029e-05
7.900000e-01	7.900000e-01	4.003186e-05
8.000000e-01	8.000000e-01	4.000333e-05
8.100000e-01	8.100000e-01	4.003550e-05
8.200000e-01	8.200000e-01	4.006759e-05
8.300000e-01	8.300000e-01	4.003900e-05
8.400000e-01	8.400000e-01	4.001034e-05
8.500000e-01	8.500000e-01	4.004239e-05
8.600000e-01	8.600000e-01	4.007438e-05
8.700000e-01	8.700000e-01	4.004567e-05
8.800000e-01	8.800000e-01	4.001691e-05
8.900000e-01	8.900000e-01	4.004887e-05
9.000000e-01	9.000000e-01	4.008079e-05
9.100000e-01	9.100000e-01	4.005199e-05
9.200000e-01	9.200000e-01	4.002315e-05
9.300000e-01	9.300000e-01	4.005505e-05
9.400000e-01	9.400000e-01	4.008692e-05
9.500000e-01	9.500000e-01	4.005805e-05
9.600000e-01	9.600000e-01	4.002915e-05
9.700000e-01	9.700000e-01	4.006100e-05
9.800000e-01	9.800000e-01	4.009282e-05
9.900000e-01	9.900000e-01	4.006390e-05
0.000000e+00	0.000000e+00	2.407062e-29
1.000000e-02	1.000000e-02	2.302032e-06
2.000000e-02	2.000000e-02	4.536032e-06
3.000000e-02	3.000000e-02	6.702346e-06
4.000000e-02	4.000000e-02	8.801273e-06
5.000000e-02	5.000000e-02	1.083317e-05
6.000000e-02	6.000000e-02	1.279841e-05
7.000000e-02	7.000000e-02	1.469737e-05
8.000000e-02	8.000000e-02	1.653047e-05
9.000000e-02	9.000000e-02	1.829812e-05
1.000000e-01	1.000000e-01	2.000078e-05
1.100000e-01	1.100000e-01	2.163891e-05
1.200000e-01	1.200000e-01	2.321302e-05
1.300000e-01	1.300000e-01	2.472361e-05
1.400000e-01	1.400000e-01	2.617123e-05
1.500000e-01	1.500000e-01	2.755645e-05
1.600000e-01	1.600000e-01	2.887986e-05
1.700000e-01	1.700000e-01	3.014207e-05
1.800000e-01	1.800000e-01	3.134372e-05
1.900000e-01	1.900000e-01	3.248549e-05
2.000000e-01	2.000000e-01	3.356806e-05
2.100000e-01	2.100000e-01	3.459216e-05
2.200000e-01	2.200000e-01	3.555853e-05
2.300000e-01	2.300000e-01	3.646795e-05
2.400000e-01	2.400000e-01	3.732121e-05
2.500000e-01	2.500000e-01	3.811917e-05
2.600000e-01	2.600000e-01	3.886270e-05
2.700000e-01	2.700000e-01	3.955272e-05
2.800000e-01	2.800000e-01	4.019021e-05
2.900000e-01	2.900000e-01	4.077623e-05
3.000000e-01	3.000000e-01	4.131191e-05
3.100000e-01	3.100000e-01	4.179851e-05
3.200000e-01	3.200000e-01	4.223745e-05
3.300000e-01	3.300000e-01	4.263031e-05
3.400000e-01	3.400000e-01	4.297895e-05
3.500000e-01	3.500000e-01	4.328546e-05
3.600000e-01	3.600000e-01	4.355228e-05
3.700000e-01	3.700000e-01	4.378216e-05
3.800000e-01	3.800000e-01	4.397818e-05
3.900000e-01	3.900000e-01	4.410982e-05
4.000000e-01	4.000000e-01	4.428225e-05
4.100000e-01	4.100000e-01	4.440466e-05
4.200000e-01	4.200000e-01	4.448432e-05
4.300000e-01	4.300000e-01	4.457053e-05
4.400000e-01	4.400000e-01	4.462693e-05
4.500000e-01	4.500000e-01	4.465890e-05
4.600000e-01	4.600000e-01	4.473186e-05
4.700000e-01	4.700000e-01	4.478879e-05
4.800000e-01	4.800000e-01	4.483281e-05
4.900000e-01	4.900000e-01	4.482437e-05
5.000000e-01	5.000000e-01	4.484612e-05
5.100000e-01	5.100000e-01	4.486105e-05
5.200000e-01	5.200000e-01	4.487042e-05
5.300000e-01	5.300000e-01	4.487523e-05
5.400000e-01	5.400000e-01	4.487631e-05
5.500000e-01	5.500000e-01	4.491778e-05
5.600000e-01	5.600000e-01	4.495670e-05
5.700000e-01	5.700000e-01	4.493606e-05
5.800000e-01	5.800000e-01	4.491359e-05
5.900000e-01	5.900000e-01	4.495095e-05
6.000000e-01	6.000000e-01	4.498702e-05
6.100000e-01	6.100000e-01	4.496341e-05
6.200000e-01	6.200000e-01	4.493883e-05
6.300000e-01	6.300000e-01	4.497408e-05
6.400000e-01	6.400000e-01	4.500862e-05
6.500000e-01	6.500000e-01	4.498340e-05
6.600000e-01	6.600000e-01	4.495763e-05
6.700000e-01	6.700000e-01	4.499170e-05
6.800000e-01	6.800000e-01	4.502535e-05
6.900000e-01	6.900000e-01	4.499919e-05
7.000000e-01	7.000000e-01	4.497269e-05
7.100000e-01	7.100000e-01	4.500605e-05
7.200000e-01	7.200000e-01	4.503915e-05
7.300000e-01	7.300000e-01	4.501240e-05
7.400000e-01	7.400000e-01	4.498544e-05
7.500000e-01	7.500000e-01	4.501835e-05
7.600000e-01	7.600000e-01	4.505108e-05
7.700000e-01	7.700000e-01	4.502395e-05
7.800000e-01	7.800000e-01	4.499667e-05
7.900000e-01	7.900000e-01	4.502928e-05
8.000000e-01	8.000000e-01	4.506177e-05
8.100000e-01	8.100000e-01	4.503437e-05
8.200000e-01	8.200000e-01	4.500687e-05
8.300000e-01	8.300000e-01	4.503927e-05
8.400000e-01	8.400000e-01	4.507158e-05
8.500000e-01	8.500000e-01	4.504399e-05
8.600000e-01	8.600000e-01	4.501633e-05
8.700000e-01	8.700000e-01	4.504858e-05
8.800000e-01	8.800000e-01	4.508077e-05
8.900000e-01	8.900000e-01	4.505304e-05
9.000000e-01	9.000000e-01	4.502525e-05
9.100000e-01	9.100000e-01	4.505739e-05
9.200000e-01	9.200000e-01	4.508949e-05
9.300000e-01	9.300000e-01	4.506165e-05
9.400000e-01	9.400000e-01	4.503378e-05
9.500000e-01	9.500000e-01	4.506583e-05
9.600000e-01	9.600000e-01	4.509786e-05
9.700000e-01	9.700000e-01	4.506994e-05
9.800000e-01	9.800000e-01	4.504199e-05
9.900000e-01	9.900000e-01	4.507398e-05
0.000000e+00	0.000000e+00	-5.395691e-31
1.000000e-02	1.000000e-02	2.482251e-06
2.000000e-02	2.000000e-02	4.895219e-06
3.000000e-02	3.000000e-02	7.239162e-06
4.000000e-02	4.000000e-02	9.514310e-06
5.000000e-02	5.000000e-02	1.172093e-05
6.000000e-02	6.000000e-02	1.385930e-05
7.000000e-02	7.000000e-02	1.592969e-05
8.000000e-02	8.000000e-02	1.793241e-05
9.000000e-02	9.000000e-02	1.986776e-05
1.000000e-01	1.000000e-01	2.173605e-05
1.100000e-01	1.100000e-01	2.353762e-05
1.200000e-01	1.200000e-01	2.527282e-05
1.300000e-01	1.300000e-01	2.694199e-05
1.400000e-01	1.400000e-01	2.854550e-05
1.500000e-01	1.500000e-01	3.008374e-05
1.600000e-01	1.600000e-01	3.155710e-05
1.700000e-01	1.700000e-01	3.296599e-05
1.800000e-01	1.800000e-01	3.431083e-05
1.900000e-01	1.900000e-01	3.559206e-05
2.000000e-01	2.000000e-01	3.681014e-05
2.100000e-01	2.100000e-01	3.796553e-05
2.200000e-01	2.200000e-01	3.905873e-05
2.300000e-01	2.300000e-01	4.009026e-05
2.400000e-01	2.400000e-01	4.106067e-05
2.500000e-01	2.500000e-01	4.197054e-05
2.600000e-01	2.600000e-01	4.282051e-05
2.700000e-01	2.700000e-01	4.361126e-05
2.800000e-01	2.800000e-01	4.434356e-05
2.900000e-01	2.900000e-01	4.501828e-05
3.000000e-01	3.000000e-01	4.563642e-05
3.100000e-01	3.100000e-01	4.619913e-05
3.200000e-01	3.200000e-01	4.670777e-05
3.300000e-01	3.300000e-01	4.716398e-05
3.400000e-01	3.400000e-01	4.756968e-05
3.500000e-01	3.500000e-01	4.792716e-05
3.600000e-01	3.600000e-01	4.823911e-05
3.700000e-01	3.700000e-01	4.850862e-05
3.800000e-01	3.800000e-01	4.870778e-05
3.900000e-01	3.900000e-01	4.893461e-05
4.000000e-01	4.000000e-01	4.910477e-05
4.100000e-01	4.100000e-01	4.922553e-05
4.200000e-01	4.200000e-01	4.934967e-05
4.300000e-01	4.300000e-01	4.943810e-05
4.400000e-01	4.400000e-01	4.949683e-05
4.500000e-01	4.500000e-01	4.958663e-05
4.600000e-01	4.600000e-01	4.965647e-05
4.700000e-01	4.700000e-01	4.971010e-05
4.800000e-01	4.800000e-01	4.975058e-05
4.900000e-01	4.900000e-01	4.978039e-05
5.000000e-01	5.000000e-01	4.980154e-05
5.100000e-01	5.100000e-01	4.981564e-05
5.200000e-01	5.200000e-01	4.982396e-05
5.300000e-01	5.300000e-01	4.982753e-05
5.400000e-01	5.400000e-01	4.982718e-05
5.500000e-01	5.500000e-01	4.987260e-05
5.600000e-01	5.600000e-01	4.991532e-05
5.700000e-01	5.700000e-01	4.989589e-05
5.800000e-01	5.800000e-01	4.987452e-05
5.900000e-01	5.900000e-01	4.991494e-05
6.000000e-01	6.000000e-01	4.995398e-05
6.100000e-01	6.100000e-01	4.993092e-05
6.200000e-01	6.200000e-01	4.990682e-05
6.300000e-01	6.300000e-01	4.994463e-05
6.400000e-01	6.400000e-01	4.998167e-05
6.500000e-01	6.500000e-01	4.995662e-05
6.600000e-01	6.600000e-01	4.993097e-05
6.700000e-01	6.700000e-01	4.996730e-05
6.800000e-01	6.800000e-01	5.000317e-05
6.900000e-01	6.900000e-01	4.997695e-05
7.000000e-01	7.000000e-01	4.995035e-05
7.100000e-01	7.100000e-01	4.998578e-05
7.200000e-01	7.200000e-01	5.002092e-05
7.300000e-01	7.300000e-01	4.999395e-05
7.400000e-01	7.400000e-01	4.996675e-05
7.500000e-01	7.500000e-01	5.000160e-05
7.600000e-01	7.600000e-01	5.003627e-05
7.700000e-01	7.700000e-01	5.000881e-05
7.800000e-01	7.800000e-01	4.998119e-05
7.900000e-01	7.900000e-01	5.001566e-05
8.000000e-01	8.000000e-01	5.005000e-05
8.100000e-01	8.100000e-01	5.002220e-05
8.200000e-01	8.200000e-01	4.999429e-05
8.300000e-01	8.300000e-01	5.002849e-05
8.400000e-01	8.400000e-01	5.006260e-05
8.500000e-01	8.500000e-01	5.003455e-05
8.600000e-01	8.600000e-01	5.000643e-05
8.700000e-01	8.700000e-01	5.004043e-05
8.800000e-01	8.800000e-01	5.007438e-05
8.900000e-01	8.900000e-01	5.004615e-05
9.000000e-01	9.000000e-01	5.001787e-05
9.100000e-01	9.100000e-01	5.005173e-05
9.200000e-01	9.200000e-01	5.008555e-05
9.300000e-01	9.300000e-01	5.005719e-05
9.400000e-01	9.400000e-01	5.002878e-05
9.500000e-01	9.500000e-01	5.006254e-05
9.600000e-01	9.600000e-01	5.009626e-05
9.700000e-01	9.700000e-01	5.006780e-05
9.800000e-01	9.800000e-01	5.003929e-05
9.900000e-01	9.900000e-01	5.007297e-05
